Pos	A	C	G	T
1	0.320154386623757	0.181055449964409	0.206191085370554	0.29259907804128
2	0.231699894169204	0.238756206461997	0.197441625725751	0.332102273643048
3	0.223589426731998	0.242211534444359	0.287094506814406	0.247104532009237
4	0.161511900417437	0.025142982381614	0.0292119778945331	0.784133139306416
5	0.138263704146233	0.0513755696836976	0.0758807296926031	0.734479996477466
6	0.0923150511385656	0.709958981236656	0.122144796283116	0.075581171341663
7	0.148989126283928	0.381409394759422	0.144585832150265	0.325015646806385
8	0.473500285965306	0.149927600877229	0.202381092532614	0.174191020624851
9	0.18224703861047	0.285820251400577	0.15375541440895	0.378177295580003
