Pos	A	C	G	T
1	0.242572800451296	0.257572664714431	0.299256741848417	0.200597792985856
2	0.388667755849319	0.112474314588133	0.408595177814272	0.0902627517482759
3	0.193538678296336	0.116219120656129	0.0970743694834276	0.593167831564107
4	0.567331017604455	0.240072974807814	0.0147455735478287	0.177850434039902
5	0.726254195559183	0.177310083749997	0.0221513863956163	0.0742843342952036
6	0.882729514948421	0.0146291897289233	0.0370778156232458	0.0655634796994096
7	0.0801658366733103	0.688212355881785	0.0496052883277091	0.182016519117195
8	0.871824635293957	0.0404711064244862	0.0362553986289468	0.05144885965261
9	0.497501866950582	0.159110560470551	0.141118407781713	0.202269164797153
