Pos	A	C	G	T
1	0.289475341899711	0.254186975091884	0.269905019805643	0.186432663202762
2	0.0525899374392902	0.774737914680033	0.0520666588187363	0.120605489061941
3	0.533145096867265	0.105508721121704	0.232477539027382	0.128868642983649
4	0.266543562918139	0.300527027992861	0.261265646751698	0.171663762337303
5	0.190214429651065	0.45858791253392	0.173842899149331	0.177354758665684
6	0.000604387296315294	0.000377743431148289	0.000312378380685206	0.998705490891851
7	0.00176528762019076	0.00213467334439651	0.869843781192053	0.12625625784336
8	0.234495030736207	0.165245855267796	0.146559926122783	0.453699187873214
9	0.018343297240028	0.468372647399566	0.0721873075340647	0.441096747826341
