Pos	A	C	G	T
1	0.308453593304423	0.190865960695174	0.262846813725776	0.237833632274626
2	0.413579621673941	0.169838850887069	0.23624042854566	0.18034109889333
3	0.236104054825916	0.309287918481822	0.185726027644378	0.268881999047883
4	0.166645708497666	0.564460299567636	0.0527661587798317	0.216127833154867
5	0.0962959001532418	0.0202352421362742	0.860424389622755	0.0230444680877295
6	0.793614835884836	0.0459061112400488	0.137909579653242	0.0225694732218737
7	0.56209961996884	0.00303945764969824	0.213082431689458	0.221778490692004
8	0.939832601453237	0.0138142653127229	2.72065310494496e-05	0.0463259267029903
9	0.11008832214309	0.590685054058074	0.210878675839576	0.0883479479592609
10	0.158104346960748	0.344900247904146	0.108121461522115	0.388873943612991
