Pos	A	C	G	T
1	0.220376843233673	0.335405083126455	0.102037358383633	0.342180715256239
2	0.111783855635686	0.19374970511141	0.669524089636586	0.0249423496163177
3	0.00955288509820433	0.989147254256546	0.000370405552393628	0.000929455092855972
4	0.000437167247259141	0.891192593513859	0.000323861462271249	0.108046377776611
5	0.0462226229272057	0.377461792494246	0.191228558068319	0.38508702651023
6	0.132612042892642	0.336106439721267	0.329451086305756	0.201830431080335
7	0.430306909267877	0.248265489730574	0.229177931817072	0.092249669184477
8	0.301624022525262	0.0247588074843737	0.651437385096215	0.0221797848941492
9	0.0551007724268094	0.000431349650164324	0.943091901320596	0.00137597660243071
10	0.0952369898480878	0.349452769406959	0.435444964381152	0.119865276363801
