Pos	A	C	G	T
1	0.20850778126407	0.21485778856706	0.327005294101109	0.249629136067761
2	0.182809890424479	0.170450812051482	0.423454793148164	0.223284504375875
3	0.150319323925737	0.191093312809737	0.494111824683531	0.164475538580995
4	0.158554988828928	0.20358863559039	0.55341128851267	0.0844450870680115
5	0.0384648445012699	0.934250584275722	0.000979948455547699	0.0263046227674606
6	0.0679700713200516	0.92432845587655	0.000170174224225826	0.00753129857917284
7	0.00915061873205096	0.752816493256685	0.0112889175643601	0.226743970446904
8	0.0568744041919299	0.872048813397362	0.0305952693797633	0.0404815130309454
9	0.243663821776023	0.338928610131239	0.119795904121708	0.297611663971031
10	0.23096840628967	0.302560401468185	0.200794286129609	0.265676906112537
