Pos	A	C	G	T
1	0.246578347230164	0.267115134719493	0.232218742173543	0.2540877758768
2	0.37832635001822	0.0896360141820021	0.2461047314782	0.285932904321579
3	0.932211493640962	0.0200365822266229	0.0244727367948736	0.0232791873375417
4	0.109458979242345	0.0571425978483104	0.0942122165276178	0.739186206381727
5	0.198441238356446	0.333783649726718	0.113351434001304	0.354423677915533
6	0.708755458566087	0.0564587654757789	0.138866155195201	0.0959196207629333
7	0.607308176151133	0.100387366356177	0.141038988477037	0.151265469015653
8	0.519305956259335	0.108039102397705	0.187259100261114	0.185395841081847
9	0.347376666387168	0.202433145271085	0.185009964398597	0.265180223943149
