Pos	A	C	G	T
1	0.315548023818622	0.181280734609695	0.304969499060175	0.198201737097486
2	0.342566703674317	0.215649846232001	0.329096468177407	0.11268685391255
3	0.0362954509577013	0.956859052747812	2.51997531626311e-11	0.00684524797583178
4	0.887444523624217	0.026036071387677	0.0520400833703172	0.0344794927042921
5	0.0223128363654101	0.233166793609505	0.582931644852393	0.161588898665266
6	0.161588898665266	0.582931644852393	0.233166793609505	0.0223128363654101
7	0.0344794927042921	0.0520400833703172	0.026036071387677	0.887444523624217
8	0.00684524797583178	2.51997531626311e-11	0.956859052747812	0.0362954509577013
9	0.11268685391255	0.329096468177407	0.215649846232001	0.342566703674317
10	0.198201737097486	0.304969499060175	0.181280734609695	0.315548023818622
