Pos	A	C	G	T
1	0.204138898632059	0.204138898632059	0.29702202125875	0.294700181477132
2	0.0755112622573315	0.258692602138075	0.0755112622573315	0.590284873347262
3	0.0755112622573315	0.47576365272292	0.0755112622573315	0.373213822762418
4	0.024713868512955	0.22720002897534	0.117305331462645	0.63078077104906
5	0.000190627239870068	0.204678373720891	0.000190627239870068	0.794940371799369
6	0.000190627239870068	0.297041083982737	0.000190627239870068	0.702577661537523
7	0.000190627239870068	0.813621841306635	0.000190627239870068	0.185996904213624
8	0.000190627239870068	0.273933249965687	0.112086910771202	0.613789212023241
9	0.585740319948759	0.136641605538865	0.0460517286078111	0.231566345904564
10	0.174679364982539	0.174679364982539	0.475961905052384	0.174679364982539
11	0.386441446937002	0.174679364982539	0.264199823097921	0.174679364982539
12	0.323569723819255	0.225476758726915	0.225476758726915	0.225476758726915
