Pos	A	C	G	T
1	0.272019199095257	0.220494477395863	0.246133149769719	0.261353173739162
2	0.262728625640726	0.212963684917324	0.281778600446024	0.242529088995926
3	0.272785682207184	0.206166983523846	0.316931746506273	0.204115587762696
4	0.471452910968308	0.150779608847361	0.193604850070073	0.184162630114258
5	0.406977858610815	0.050843830254233	0.0450944321343712	0.49708387900058
6	0.0803233307973417	0.409960217252368	0.418241962997113	0.0914744889531773
7	0.934269119488252	0.000353371465391893	2.70454778527533e-05	0.0653504635685038
8	0.941936100289926	0.0228268491814618	0.0350907456405559	0.000146304888056164
9	0.115516865688	0.0534858184308519	0.0351426869076893	0.795854628973459
