Pos	A	C	G	T
1	0.234761862464844	0.487149788162202	0.10761624899327	0.170472100379685
2	0.225595787055316	0.670983700194576	0.0268091928478015	0.0766113199023065
3	0.034673679014431	0.903233288856923	0.0281059379599216	0.0339870941687243
4	0.0455574615411875	0.896926949172342	0.000747496557476867	0.0567680927289942
5	0.0444788985745934	0.841356009157666	0.0218677923962756	0.0922972998714648
6	0.117815491809841	0.861883207768358	0.0028551368420376	0.0174461635797631
7	0.0604567971462131	0.872994287893224	0.00548451690176049	0.061064398058803
8	0.404090583976774	0.150150642092359	0.200665445427076	0.245093328503791
9	0.240527392737488	0.299715587147901	0.174658734635611	0.285098285478999
10	0.23464035004243	0.249149698966724	0.264556255920961	0.251653695069885
