Pos	A	C	G	T
1	0.384359415436858	0.0874946888604678	0.433364030771165	0.0947818649315085
2	0.00141708183885516	0.025497992244811	0.00181956909853981	0.971265356817794
3	0.136985878705044	0.00318954363682061	0.853954441401752	0.00587013625638413
4	0.000720265743368574	0.984235257916005	0.0134888706945438	0.00155560564608247
5	0.0141119436740944	0.979479694987072	0.00171090335407926	0.00469745798475466
6	0.547870368185301	0.386077723192807	0.00945022646003938	0.0566016821618521
7	0.432663006430154	0.219194431050669	0.19055848379196	0.157584078727216
8	0.113274949768338	0.528381228498646	0.136977687427613	0.221366134305402
9	0.180991881938606	0.346697339535407	0.210282566086781	0.262028212439206
