Pos	A	C	G	T
1	0.239345317079938	0.21874514933131	0.246634467164314	0.295275066424438
2	0.191857359701563	0.178886616491324	0.532057825260742	0.0971981985463706
3	0.021077389641378	0.835642495223918	0.002358912918876	0.140921202215828
4	0.0327837372781197	0.170704258619168	0.000246580338581548	0.796265423764131
5	0.546729378609328	0.158214853686294	0.0444317339596803	0.250624033744698
6	0.00792280220623194	0.906639544814224	0.00236255806384223	0.0830750949157019
7	0.000349638985554853	0.507321980529558	3.04065009585305e-08	0.492328350078387
8	0.126341071197004	0.131497148123961	0.544019539207949	0.198142241471085
9	0.176151075238876	0.179709563005248	0.240168799849497	0.403970561906378
