Pos	A	C	G	T
1	0.274409498472988	0.271999047606699	0.277772342639992	0.175819111280321
2	0.197602455948863	0.602343677251827	0.100026933399655	0.100026933399655
3	0.000117870458009239	0.000117870458009239	0.000117870458009239	0.999646388625972
4	0.999646388625972	0.000117870458009239	0.000117870458009239	0.000117870458009239
5	0.999646388625972	0.000117870458009239	0.000117870458009239	0.000117870458009239
6	0.000117870458009239	0.000117870458009239	0.000117870458009239	0.999646388625972
7	0.000117870458009239	0.999646388625972	0.000117870458009239	0.000117870458009239
8	0.000117870458009239	0.999646388625972	0.000117870458009239	0.000117870458009239
9	0.0742987591776885	0.382764569083286	0.468637912561337	0.0742987591776885
10	0.343630692995784	0.257011229518535	0.249267140427328	0.150090937058354
