Pos	A	C	G	T
1	0.225015891842446	0.225015891842446	0.225015891842446	0.324952324472662
2	0.225015891842446	0.225015891842446	0.225015891842446	0.324952324472662
3	0.300968239571463	0.19969844259944	0.299634875229656	0.19969844259944
4	0.47523198213912	0.0751412823554036	0.0751412823554036	0.374485453150073
5	0.899424017612813	0.0998007705605557	0.000387605913315814	0.000387605913315814
6	0.698155771064443	0.201717869407816	0.000387605913315814	0.0997387536144251
7	0.302987666379838	0.0990604432661225	0.000387605913315814	0.597564284440724
8	0.797832507732738	0.000387605913315814	0.000387605913315814	0.20139228044063
9	0.124044551423677	0.124094940192408	0.0253717140708699	0.726488794313046
10	0.92388485778739	0.0253717140708699	0.0253717140708699	0.0253717140708699
11	0.0506891633138755	0.0506891633138755	0.0506891633138755	0.847932510058374
12	0.375588191973457	0.175246323557912	0.175246323557912	0.273919160910719
