Pos	A	C	G	T
1	0.257491506529458	0.240083489369177	0.244933497571907	0.257491506529458
2	0.26189332664385	0.24912063838611	0.232278543644979	0.256707491325061
3	0.248111098338635	0.253123274999731	0.245642351661904	0.253123274999731
4	0.202632202948102	0.284687625286183	0.252495272951909	0.260184898813807
5	0.327308739404569	0.302144047663643	0.230650570332879	0.139896642598909
6	0.075848902951247	0.705384639456706	0.00417345088016742	0.21459300671188
7	0.130130895347393	0.844327819451816	0.013853540497457	0.0116877447033332
8	0.161176750072542	0.790370315227175	0.0422034338918991	0.00624950080838423
9	0.0267489153114887	0.785636268694061	0.0105538837862211	0.177060932208229
