Pos	A	C	G	T
1	0.324630783372485	0.225123072209172	0.225123072209172	0.225123072209172
2	0.396939025635788	0.201020324788071	0.201020324788071	0.201020324788071
3	0.0999274844244715	0.0999274844244715	0.0999274844244715	0.700217546726586
4	0.652094780921254	0.149523031355326	0.0506322132570728	0.147749974466347
5	0.22518333163109	0.024611377795935	0.024611377795935	0.72559391277704
6	0.000408538453681953	0.000408538453681953	0.000408538453681953	0.998774384638954
7	0.697375140435094	0.000408538453681953	0.096819528138086	0.205396792973139
8	0.000408538453681953	0.103862731079563	0.000408538453681953	0.895320192013073
9	0.827732611582065	0.0252854662445103	0.0252854662445103	0.121696455928914
10	0.0493882136656113	0.0493882136656113	0.0493882136656113	0.851835359003166
11	0.15048105402921	0.15048105402921	0.448493514452048	0.250544377489531
12	0.199776325196609	0.199776325196609	0.199776325196609	0.400671024410173
13	0.322608518026759	0.225797160657747	0.225797160657747	0.225797160657747
