Pos	A	C	G	T
1	0.199680974894736	0.199680974894736	0.199680974894736	0.400957075315792
2	0.176087487605444	0.176087487605444	0.471737537183669	0.176087487605444
3	0.268585367956659	0.178924942877262	0.0732644028338626	0.479225286332217
4	0.80705878971647	0.000287410004742265	0.192366390274045	0.000287410004742265
5	0.000287410004742265	0.000287410004742265	0.000287410004742265	0.999137769985773
6	0.894379697357265	0.000287410004742265	0.000287410004742265	0.10504548263325
7	0.898690847428399	0.100734332562116	0.000287410004742265	0.000287410004742265
8	0.594016123701266	0.000287410004742265	0.0948884130656588	0.310808053228333
9	0.24508241481886	0.356583126158622	0.0506064351100062	0.347728023912512
10	0.777400232802104	0.0741999223992987	0.0741999223992987	0.0741999223992987
11	0.468930978487361	0.17702300717088	0.17702300717088	0.17702300717088
