Pos	A	C	G	T
1	0.322421544850405	0.225859485049865	0.225859485049865	0.225859485049865
2	0.24886146014454	0.15202930192689	0.250170687194146	0.348938550734424
3	0.923232965511808	0.0255890114960639	0.0255890114960639	0.0255890114960639
4	0.999437294964353	0.000187568345215788	0.000187568345215788	0.000187568345215788
5	0.999437294964353	0.000187568345215788	0.000187568345215788	0.000187568345215788
6	0.000187568345215788	0.000187568345215788	0.000187568345215788	0.999437294964353
7	0.000187568345215788	0.999437294964353	0.000187568345215788	0.000187568345215788
8	0.299871140546837	0.000187568345215788	0.000187568345215788	0.699753722762732
9	0.0243280832953507	0.226185385049678	0.725158448359621	0.0243280832953507
10	0.295262586304885	0.0981582664183262	0.408073691851468	0.198505455425321
11	0.224598556849152	0.224598556849152	0.326204329452544	0.224598556849152
