Pos	A	C	G	T
1	0.245248132343468	0.172823437898416	0.219701648575081	0.362226781183035
2	0.148915038453861	0.0762011025468752	0.120708184163025	0.654175674836239
3	0.161115938643504	0.0635688914017813	0.0312532766004593	0.744061893354255
4	0.270247496988602	0.109874432913104	0.0646726372590324	0.555205432839261
5	0.86306398120345	0.0111394050585387	0.0909662744006831	0.0348303393373281
6	0.0693705805924313	0.33343997581734	0.0474398630048636	0.549749580585365
7	0.269028771511471	0.0834976369429239	0.328592483537455	0.31888110800815
8	0.387645365959967	0.10459449452372	0.35784177392351	0.149918365592804
9	0.165148476632181	0.253875738186923	0.360266821414926	0.22070896376597
