Pos	A	C	G	T
1	0.225825029905694	0.265008127529222	0.304831905573872	0.204334936991212
2	0.199944192443175	0.313574913402793	0.232302009409249	0.254178884744783
3	0.15387497917508	0.0670970748614394	0.0168801850121169	0.762147760951364
4	0.697885999195242	0.109733616957697	0.139498767313513	0.052881616533548
5	0.774202562965765	0.0466108594356284	0.0586644281462248	0.120522149452382
6	0.160100519534263	0.0619174387902115	0.122217453650705	0.655764588024821
7	0.194149002937509	0.152723014915126	0.326563991073683	0.326563991073683
8	0.34340703476185	0.114310271831956	0.368306854277982	0.173975839128212
9	0.236358022135992	0.258616869564699	0.297480208995717	0.207544899303592
10	0.202979560154936	0.290936574106903	0.245452951442127	0.260630914296033
