Pos	A	C	G	T
1	0.233407698508938	0.265811311942619	0.293766931649555	0.207014057898889
2	0.218698897578457	0.307260489194125	0.229911829831591	0.244128783395827
3	0.17003455733211	0.133753920146977	0.0533034840065495	0.642908038514363
4	0.61556194388569	0.090245666625395	0.171149181176693	0.123043208312222
5	0.889184801878608	0.0265838819561375	0.0615780262691086	0.0226532898961456
6	0.0508848305785408	0.155954586852996	0.0729347244187079	0.720225858149755
7	0.195427343130625	0.193482808576844	0.209597424345893	0.401492423946638
8	0.262678590496992	0.206630297799	0.324060813905008	0.206630297799
9	0.264075290605898	0.227291709007019	0.322542288297099	0.186090712089984
