Pos	A	C	G	T
1	0.174536571113203	0.174536571113203	0.379077087896034	0.271849769877559
2	0.396656544442474	0.400457373033096	0.101443041262215	0.101443041262215
3	0.0246885293390504	0.0246885293390504	0.0246885293390504	0.925934411982849
4	0.901495608569595	0.000249725925796438	0.000249725925796438	0.0980049395788122
5	0.999250822222611	0.000249725925796438	0.000249725925796438	0.000249725925796438
6	0.000249725925796438	0.000249725925796438	0.000249725925796438	0.999250822222611
7	0.000249725925796438	0.000249725925796438	0.000249725925796438	0.999250822222611
8	0.898463935830426	0.000249725925796438	0.101036612317981	0.000249725925796438
9	0.375736379323692	0.177404049056161	0.274562417746523	0.172297153873624
10	0.148806684663582	0.148806684663582	0.148806684663582	0.553579946009255
11	0.323316410239762	0.225561196586746	0.225561196586746	0.225561196586746
