Pos	A	C	G	T
1	0.223855993925494	0.328432018223517	0.223855993925494	0.223855993925494
2	0.4278884894316	0.220425525320771	0.227695820161574	0.123990165086055
3	0.0494535011053947	0.14588886134011	0.0494535011053947	0.7552041364491
4	0.806573999462799	0.000258269798962788	0.000258269798962788	0.192909460939276
5	0.903670530382859	0.000258269798962788	0.000258269798962788	0.0958129300192153
6	0.0958129300192153	0.000258269798962788	0.000258269798962788	0.903670530382859
7	0.000258269798962788	0.0946713775077997	0.000258269798962788	0.904812082894275
8	0.695326866257567	0.000258269798962788	0.20974348643567	0.0946713775077997
9	0.226654347197256	0.624105740821091	0.0264022758734685	0.122837636108184
10	0.126268104712907	0.126268104712907	0.126268104712907	0.621195685861278
11	0.299042852125044	0.200804768693568	0.29934761048782	0.200804768693568
