Pos	A	C	G	T
1	0.246631290261705	0.170356699203791	0.218742331671461	0.364269678863043
2	0.146319318005894	0.0691163518546142	0.122216167688051	0.662348162451441
3	0.162792500912095	0.0648759113693175	0.0280076136591596	0.744323974059427
4	0.268818525001922	0.112621937532567	0.0662898321324073	0.552269705333104
5	0.850146085210771	0.00164116802832511	0.09804320021273	0.0501695465481738
6	0.0710143919125816	0.344771734605489	0.0542109305913374	0.530002942890592
7	0.273384032888979	0.0848493660953399	0.327300110965001	0.31446649005068
8	0.382415914718663	0.107394481547338	0.36376527048082	0.146424333253179
9	0.16058046620522	0.259509980905422	0.360970112437569	0.218939440451789
