Pos	A	C	G	T
1	0.229316106785171	0.241073394994693	0.315797577446223	0.213812920773914
2	0.253072788774046	0.274150479255656	0.250554672452605	0.222222059517692
3	0.157369969345884	0.139574641941246	0.0584750124855606	0.644580376227309
4	0.707575399835872	0.0716536572639355	0.16268961715384	0.0580813257463531
5	0.832218639153642	0.0325929235010682	0.0382481500448746	0.0969402873004147
6	0.0943362243617867	0.203744193859576	0.131218681439541	0.570700900339096
7	0.201380959918382	0.173330198506277	0.250936128128323	0.374352713447019
8	0.319152235470703	0.169977863902803	0.332177085283249	0.178692815343245
9	0.261394542874634	0.227245498541742	0.328991174244747	0.182368784338878
