Pos	A	C	G	T
1	0.230696186223317	0.24496164167807	0.337343477933956	0.186998694164657
2	0.242905427335988	0.285052159593991	0.224229970602911	0.24781244246711
3	0.115670251016399	0.0775360879915042	0.00988228222806919	0.796911378764028
4	0.74498390201837	0.0531629970708026	0.145964378694041	0.0558887222167861
5	0.941545501106443	0.000132327241336942	0.0298899611289452	0.0284322105232753
6	0.0728257391471703	0.088064495759982	0.105432343395213	0.733677421697635
7	0.154129685696692	0.166966695257777	0.162032083665085	0.516871535380446
8	0.372526738122646	0.0985248514817629	0.387729842710177	0.141218567685414
9	0.278417513337921	0.216831777417521	0.350416285038038	0.15433442420652
