Pos	A	C	G	T
1	0.309082620654566	0.201857261640325	0.287202856064784	0.201857261640325
2	0.0922599585795483	0.617456261812768	0.0922599585795483	0.198023821028136
3	0.0465847761912648	0.0465847761912648	0.0465847761912648	0.860245671426206
4	0.912574846209926	0.000170735580099744	0.000170735580099744	0.0870836826298743
5	0.999487793259701	0.000170735580099744	0.000170735580099744	0.000170735580099744
6	0.000170735580099744	0.000170735580099744	0.000170735580099744	0.999487793259701
7	0.0838089742035612	0.000170735580099744	0.000170735580099744	0.915849554636239
8	0.915849554636239	0.000170735580099744	0.000170735580099744	0.0838089742035612
9	0.544397653410187	0.0483134739397747	0.190952806978305	0.216336065671734
10	0.241549015624013	0.157910777000551	0.157910777000551	0.442629430374884
11	0.290498906438609	0.203585959388835	0.203585959388835	0.302329174783721
