Pos	A	C	G	T
1	0.287480416172019	0.208753627392136	0.233027096382255	0.27073886005359
2	0.428139310478713	0.146855430162507	0.232629866457529	0.192375392901251
3	0.205682556035589	0.14935619001617	0.238969036727973	0.405992217220269
4	0.160123168748832	0.0914638053301758	0.649331468447811	0.0990815574731808
5	0.193640815966129	0.55891923344276	0.14635058039634	0.101089370194771
6	0.13458724705516	0.118180446701907	0.010508796477101	0.736723509765833
7	0.938421402773248	0.00194293381372004	0.0422751357261098	0.0173605276869224
8	0.418475006414221	0.363804693143372	0.0712800986125726	0.146440201829835
9	0.257601695960753	0.314635421942574	0.167572246050789	0.260190636045884
10	0.242989497729684	0.219865989739295	0.209142998888755	0.328001513642266
