Pos	A	C	G	T
1	0.326581540096235	0.181033058383997	0.131456981031148	0.36092842048862
2	0.376627968994071	0.160976417760695	0.273488037034844	0.18890757621039
3	0.247519278575155	0.242618068478032	0.230785445653782	0.279077207293031
4	0.363901007515491	0.188082721378218	0.342709062617137	0.105307208489154
5	0.343254318378899	0.20003085417337	0.077360137277898	0.379354690169833
6	0.494185446581842	0.252878932061814	0.0374464100336393	0.215489211322705
7	0.759756227304144	0.101798730002408	0.0356232184457334	0.102821824247714
8	0.77777826694226	0.0497217011217692	0.111769809047477	0.0607302228884934
9	0.0107518858456228	0.547346012281664	0.078655783885719	0.363246317986994
10	0.741579811847524	0.0602668855909855	0.105507579272652	0.0926457232888385
