Pos	A	C	G	T
1	0.240519906406254	0.263170696304908	0.260552104124767	0.235757293164072
2	0.23748935204195	0.270459614836808	0.252174873410964	0.239876159710277
3	0.236955236701247	0.267166283340488	0.254136429950113	0.241742050008153
4	0.247905952498276	0.265881162232877	0.25039744874162	0.235815436527227
5	0.24451080508652	0.267537435009661	0.262239838857247	0.225711921046572
6	0.216335130156832	0.280571539090832	0.241490161659451	0.261603169092885
7	0.212336692858024	0.261955119293428	0.196011472117568	0.32969671573098
8	0.370494435494709	0.201308473534054	0.189585180686276	0.238611910284961
9	0.558956586209958	0.0756465479372442	0.272073379354463	0.0933234864983346
10	0.0275167683832814	0.297316009391153	0.0941411807165695	0.581026041508996
