Pos	A	C	G	T
1	0.219704693756174	0.3480284897333	0.0911297525998388	0.341137063910687
2	0.588174839607179	0.0372266257207374	0.07059958387279	0.303998950799294
3	0.000309317137554483	0.0350442590153206	0.0517596974980682	0.912886726349057
4	0.0252515799085562	0.0204685328604588	0.00197168542927037	0.952308201801715
5	0.158335810258347	0.116130918101371	0.702551114018348	0.0229821576219344
6	0.113178245703981	0.038052392941476	0.0290484164832957	0.819720944871248
7	0.109991257928391	0.293066893696468	0.16408767509112	0.432854173284021
8	0.218074799960119	0.312573025338198	0.156779149363486	0.312573025338198
9	0.195621672137349	0.256257436281237	0.205651409741005	0.342469481840409
10	0.219141803285941	0.249564905549491	0.247081693249318	0.28421159791525
