Pos	A	C	G	T
1	0.267704389123422	0.21058373102282	0.225852774358342	0.295859105495416
2	0.24497470396239	0.169212438175118	0.212970776359123	0.372842081503369
3	0.17300037367676	0.119497297319095	0.138836051935291	0.568666277068855
4	0.176003666209937	0.106751619787169	0.534058201915468	0.183186512087426
5	0.635043520528212	0.0959371733666344	0.10925597604346	0.159763330061694
6	0.138689123036324	0.404331426096827	0.0911252472404193	0.365854203626429
7	0.297754785898753	0.100110070117705	0.414167417259641	0.187967726723901
8	0.270884156616918	0.188989463190831	0.228535432317639	0.311590947874612
9	0.267205609901075	0.197950784493116	0.346546994791366	0.188296610814442
10	0.224507906908952	0.274214576718099	0.19517779778806	0.306099718584889
