Pos	A	C	G	T
1	0.268444918050467	0.240482121040955	0.255352704909443	0.235720255999135
2	0.200643340813798	0.235457141630744	0.276311515348871	0.287588002206587
3	0.315755040124535	0.0802355532280812	0.258518361798061	0.345491044849323
4	0.78241953576729	0.0117328322627626	0.0911394806824739	0.114708151287474
5	0.101611367628456	0.743341390270613	0.043866696711448	0.111180545389483
6	0.671433133994369	0.112102590005659	0.0666472932448953	0.149816982755076
7	0.308059626432352	0.244763724784635	0.116780179124104	0.33039646965891
8	0.231795598825071	0.229489194080938	0.363527862152724	0.175187344941266
9	0.271803864364484	0.243491179807736	0.248410027923709	0.236294927904071
