Pos	A	C	G	T
1	0.260010865653464	0.244869011621452	0.186927982278873	0.308192140446211
2	0.121246093068288	0.118845259569565	0.0337109364144904	0.726197710947657
3	0.700489238034619	0.000333463789640459	0.270907924879834	0.0282693732959072
4	0.962122397092183	0.009291887199079	0.000107436175502848	0.0284782795332354
5	0.0247745316268973	0.111031747586885	0.0680209791697762	0.796172741616441
6	0.0757981846961011	0.0889499937399162	0.394679618539477	0.440572203024506
7	0.541590646740072	0.0663212561985314	0.277136579617212	0.114951517444185
8	0.183583469284988	0.341268459037569	0.255358754673997	0.219789317003446
9	0.201776315870934	0.326085539021372	0.199768607982875	0.272369537124819
