Pos	A	C	G	T
1	0.154517723640267	0.380052273736727	0.210673344978646	0.254756657644361
2	0.191457545381607	0.288491634455083	0.213719859329402	0.306330960833907
3	0.53496405746996	0.126747835142674	0.196802278542091	0.141485828845275
4	0.825124505869435	0.0440592047362476	0.0644270961044078	0.0663891932899097
5	0.0443291994150344	0.000212597109277169	0.000522904511321625	0.954935298964367
6	0.00805690483618036	0.0741825885538284	0.0230238231091568	0.894736683500834
7	0.852958285992526	0.000662795120636564	0.0518684468124299	0.0945104720744074
8	0.322862426504354	0.160328736167449	0.33603869208536	0.180770145242836
9	0.210046370567599	0.286382496749186	0.239206768611452	0.264364364071763
