Pos	A	C	G	T
1	0.196847455655824	0.282147248355702	0.169428175226237	0.351577120762237
2	0.155907467074668	0.0721871947122604	0.0518970875314078	0.720008250681664
3	0.69667012103982	0.0870351460844884	0.0952316186227261	0.121063114252966
4	0.798357887920148	0.0426299466158844	0.0322190205529344	0.126793144911033
5	0.0672210540102724	0.14664086496165	0.0812870325134101	0.704851048514668
6	0.114380461772242	0.141108666171132	0.36853300574884	0.375977866307785
7	0.447955235000737	0.0950775910188759	0.322045649975053	0.134921524005334
8	0.226418162752165	0.284969901877021	0.217540179606022	0.271071755764792
9	0.214998140664073	0.296079908773102	0.212858873421205	0.276063077141621
