Pos	A	C	G	T
1	0.225999983292714	0.225999983292714	0.322000050121859	0.225999983292714
2	0.225999983292714	0.225999983292714	0.225999983292714	0.322000050121859
3	0.225999983292714	0.322000050121859	0.225999983292714	0.225999983292714
4	0.59342401212949	0.103261471118323	0.103261471118323	0.200053045633864
5	0.322713242403928	0.121762180133784	0.433221498935955	0.122303078526334
6	0.900829725603707	0.0987525922398832	0.000208841078204719	0.000208841078204719
7	0.104119807949744	0.195544166755424	0.216674707048178	0.483661318246654
8	0.804787890558921	0.000208841078204719	0.194794427284669	0.000208841078204719
9	0.122002869476415	0.024208857785491	0.024208857785491	0.829579414952604
10	0.024208857785491	0.927373426643527	0.024208857785491	0.024208857785491
11	0.927373426643527	0.024208857785491	0.024208857785491	0.024208857785491
12	0.460614138958677	0.146947369959882	0.24549112112156	0.146947369959882
13	0.225699774242794	0.225699774242794	0.322900677271617	0.225699774242794
