Pos	A	C	G	T
1	0.192074348316606	0.2231585550183	0.190163176618657	0.394603920046438
2	0.159698782097525	0.115965116848226	0.0636430055137583	0.66069309554049
3	0.735112068647377	0.0030957275860792	0.152936524415138	0.108855679351405
4	0.927538501643494	0.000590098566641682	0.00158809360436448	0.0702833061855001
5	0.0285651454285241	0.113543643027004	0.0911209079216973	0.766770303622775
6	0.0797508803569143	0.1055207673554	0.391078293978315	0.423650058309371
7	0.531206134667853	0.0624989744091388	0.315812962295594	0.090481928627414
8	0.211590166660472	0.318827826256916	0.213716683188415	0.255865323894196
9	0.198639141114273	0.321015631202337	0.192768467283234	0.287576760400157
