Pos	A	C	G	T
1	0.197614946853077	0.274876092765376	0.191774542536966	0.335734417844581
2	0.172181000201919	0.0773659104718472	0.0728604705915782	0.677592618734656
3	0.653011510693016	0.064173782621866	0.139993326943271	0.142821379741846
4	0.767213152106146	0.0435001622034424	0.0599052811202408	0.129381404570171
5	0.0775941205349867	0.142806655778726	0.113464686681732	0.666134537004556
6	0.137745554424698	0.146263263810815	0.352626059728713	0.363365122035775
7	0.380292574111124	0.108955646716146	0.354582445861528	0.156169333311202
8	0.199944891955273	0.316727501754276	0.2645530473581	0.218774558932351
9	0.222949576104477	0.292056018989595	0.220731190757058	0.264263214148869
