Pos	A	C	G	T
1	0.214819485672639	0.275833679591811	0.165636905096667	0.343709929638882
2	0.156468035258324	0.0315903515046562	0.0291615698624418	0.782780043374578
3	0.812988885947844	0.0181871889008085	0.0928251336065369	0.075998791544811
4	0.970113511139987	0.00529844344247981	0.0184933847510655	0.00609466066646732
5	0.0335052059084913	0.0205261734838239	0.194746911671791	0.751221708935894
6	0.0845985494149854	0.778926834945441	0.0492996568294531	0.0871749588101207
7	0.0547354249543275	0.673515575609832	0.068890006388335	0.202858993047505
8	0.203347921616226	0.355995614332228	0.215922254833962	0.224734209217584
9	0.226519613507795	0.293780101965262	0.211205487724648	0.268494796802295
