Pos	A	C	G	T
1	0.22690184413005	0.245799833374362	0.321989043701888	0.2053092787937
2	0.242216256128657	0.287100103449711	0.200302945401585	0.270380695020047
3	0.160114908541928	0.0522422594850281	0.0256846037411437	0.7619582282319
4	0.833900532193332	0.0143839662299622	0.0878924694882993	0.0638230320884062
5	0.916212198573095	0.0191106925222154	0.030884300990828	0.0337928079138617
6	0.0983571345404391	0.14097817406011	0.128844349718088	0.631820341681364
7	0.120819513780787	0.23848294784342	0.315543898010822	0.325153640364971
8	0.252984137433013	0.097839344244294	0.489471769776149	0.159704748546544
9	0.192218909258783	0.295489964404851	0.272771616339008	0.239519509997358
10	0.187033722461632	0.293327266011872	0.188913442622426	0.33072556890407
