Pos	A	C	G	T
1	0.211874160401566	0.191711668249527	0.182361779860609	0.414052391488298
2	0.162671390322347	0.0883876413143096	0.0892759518775432	0.6596650164858
3	0.635239826625342	0.0264168643634616	0.0877070784009914	0.250636230610204
4	0.841058141579236	0.0277895705996935	0.0548532145886818	0.0762990732323889
5	0.0604854790494219	0.134612909185776	0.075369547979115	0.729532063785687
6	0.126206536278359	0.0934961016488734	0.3570656796984	0.423231682374367
7	0.406948290494066	0.066598771224499	0.390991619790431	0.135461318491004
8	0.16029293697022	0.398219355196352	0.220743853916714	0.220743853916714
9	0.214080164437493	0.319370076561384	0.186112353993666	0.280437405007458
