Pos	A	C	G	T
1	0.196325110982193	0.259763607238713	0.21697280314183	0.326938478637263
2	0.168023554546316	0.144619213628968	0.100897401650074	0.586459830174642
3	0.700378108224695	0.000664726464180767	0.217374211221955	0.0815829540891696
4	0.964677957360773	0.000287019340804648	0.00676521690232365	0.0282698063960985
5	0.0997595113845313	0.0229372540627729	0.0867267527835536	0.790576481769142
6	0.0793820427156179	0.133522790725522	0.297160435606038	0.489934730952822
7	0.592997200419105	0.0343015203554325	0.30957168414388	0.0631295950815823
8	0.209421635398195	0.321934984586284	0.297183446749343	0.171459933266178
9	0.160609286049385	0.343427017106295	0.206226405434776	0.289737291409544
