Pos	A	C	G	T
1	0.244490499583153	0.160641705237499	0.219022935286359	0.375844859892988
2	0.124284239084379	0.0617177266294964	0.105908042405007	0.708089991881117
3	0.123767868265326	0.0596448484087133	0.0372781655497824	0.779309117776179
4	0.271565110064822	0.0778047067098609	0.0582184274199756	0.592411755805342
5	0.809604607529631	0.0194247104533374	0.0906083153738349	0.0803623666431961
6	0.0764758420762924	0.382594201293282	0.0347081628957911	0.506221793734635
7	0.250689460252331	0.0676410443152945	0.381539720875772	0.300129774556602
8	0.436307774564173	0.0821336583002406	0.350145190797933	0.131413376337653
9	0.141494576398244	0.242805664039184	0.420843649912125	0.194856109650447
