Pos	A	C	G	T
1	0.29546372604911	0.173911417527756	0.204086939052903	0.326537917370232
2	0.0837260433662445	0.0820681566290939	0.0555648096267797	0.778640990377882
3	0.00312022904617071	0.0340526007825438	0.960934655589297	0.00189251458198824
4	0.873496842287618	0.000757678986081722	0.0575413900043661	0.0682040887219343
5	0.0195911259494172	0.939245323411081	0.00720717246740804	0.0339563781720937
6	0.85181613200611	0.0120296050227005	0.105358697648125	0.0307955653230653
7	0.150397458269917	0.123135024274502	0.540925472921305	0.185542044534276
8	0.147019524907366	0.354449329384092	0.343973768571799	0.154557377136744
9	0.187865033419516	0.236446932918021	0.144853631941518	0.430834401720945
