Pos	A	C	G	T
1	0.308861555344541	0.21765105943616	0.20497604847609	0.268511336743209
2	0.162560454448557	0.0937892233781721	0.0366366813139879	0.707013640859283
3	0.804281287198656	0.032784277902491	0.144019551977793	0.0189148829210602
4	0.924954093500686	0.00335262663439061	0.0324514169617628	0.0392418629031603
5	0.0841003013533131	0.0816147618188197	0.0977106099335718	0.736574326894295
6	0.173717841649517	0.152540843025171	0.191987906538675	0.481753408786637
7	0.336855628977653	0.0965107535718266	0.419747960820835	0.146885656629686
8	0.197434220686045	0.312750412712128	0.280172495540806	0.20964287106102
9	0.22467422754459	0.282774985007536	0.231516576434654	0.261034211013219
