Pos	A	C	G	T
1	0.298013381675243	0.199213164405358	0.303560289514041	0.199213164405358
2	0.142556970966064	0.0487067451550927	0.661229321453866	0.147506962424978
3	0.000191934527294049	0.19445462763742	0.000191934527294049	0.805161503307992
4	0.889524405434818	0.110091725510594	0.000191934527294049	0.000191934527294049
5	0.999424196418118	0.000191934527294049	0.000191934527294049	0.000191934527294049
6	0.000191934527294049	0.000191934527294049	0.000191934527294049	0.999424196418118
7	0.296867052710979	0.000191934527294049	0.0989921517971789	0.603948860964548
8	0.999424196418118	0.000191934527294049	0.000191934527294049	0.000191934527294049
9	0.742545742796217	0.155496716959911	0.050978770121936	0.050978770121936
10	0.300074278662063	0.201485189372201	0.201485189372201	0.296955342593535
