Pos	A	C	G	T
1	0.198275043835065	0.249548972129888	0.172372042236149	0.379803941798898
2	0.180440265802822	0.112775575425248	0.153761051787442	0.553023106984488
3	0.712109074103089	0.0403758201289826	0.163732024409667	0.0837830813582617
4	0.905830284826056	0.00022065651138397	0.0157817145928324	0.0781673440697276
5	0.0630593305249297	0.0182483750515381	0.723482268027772	0.19521002639576
6	0.139725678815109	0.0226391580417224	0.131588688740387	0.706046474402782
7	0.351172200089502	0.0282551771325938	0.567520403280402	0.0530522194975017
8	0.107001314130134	0.318251234288852	0.341327052465012	0.233420399116002
9	0.193857920487172	0.292108562354839	0.210003778227277	0.304029738930712
10	0.203231318092577	0.271603919913266	0.203231318092577	0.321933443901581
