Pos	A	C	G	T
1	0.234785444056689	0.179230393569821	0.210328815260643	0.375655347112846
2	0.189992072221505	0.11756393887503	0.127355494606529	0.565088494296936
3	0.519732640600825	0.058166787307855	0.0940018560184033	0.328098716072917
4	0.819487125409278	0.0150094302731019	0.0620958207644874	0.103407623553133
5	0.0421391283001527	0.1946059455774	0.0840134346395481	0.679241491482899
6	0.161194917060315	0.134641312455485	0.369671324077937	0.334492446406263
7	0.295609019412268	0.10659511668795	0.411182724465981	0.186613139433801
8	0.184572989964676	0.364324514820631	0.201955019082859	0.249147476131833
9	0.245354817270472	0.282225217722954	0.193002935119669	0.279417029886905
