Pos	A	C	G	T
1	0.289633745212101	0.216722379494161	0.244353800541506	0.249290074752233
2	0.166573166569705	0.2117559964595	0.182260075213145	0.43941076175765
3	0.165751986266141	0.0909666187777726	0.544840239032366	0.19844115592372
4	0.929154068045813	0.0599958005186777	0.000106914542642849	0.0107432168928665
5	0.0540592784753661	0.154482557549426	0.0489148579573633	0.742543306017845
6	0.658418914698977	0.278617919021875	0.000170305972515122	0.0627928603066324
7	0.069035773003392	0.541652590628181	0.109357772040163	0.279953864328264
8	0.180537842009579	0.374630574859227	0.241275734678585	0.203555848452609
9	0.212494108925656	0.310726860807604	0.214629710224397	0.262149320042343
10	0.221051084542861	0.289569062533975	0.216673979802664	0.2727058731205
