Pos	A	C	G	T
1	0.342835502373607	0.195830746383486	0.148005694200777	0.31332805704213
2	0.23394803326105	0.0453812493984179	0.071887256572996	0.648783460767536
3	0.630038137734307	0.0295410361943207	0.0487049347279864	0.291715891343386
4	0.890484984637258	0.0180251182147173	0.00656509016394017	0.0849248069840845
5	0.0239279980667209	0.0356963784786355	0.00115609649626449	0.939219526958379
6	0.0674698532302298	0.0986601266236228	0.396105614510287	0.43776440563586
7	0.469405053230551	0.287569925196372	0.101642936469045	0.141382085104032
8	0.365859871276089	0.153277559901179	0.324488596816047	0.156373972006686
9	0.257189433185985	0.214822672236533	0.216981675985611	0.31100621859187
10	0.275025308731338	0.212058700442725	0.199709363116948	0.313206627708989
