Pos	A	C	G	T
1	0.229533498268209	0.205623942946508	0.178760868199947	0.386081690585336
2	0.232227268125528	0.177277534520978	0.108604896752477	0.481890300601017
3	0.56660548438161	0.0460470300794441	0.204315070777518	0.183032414761427
4	0.810060778169248	0.0454725696858804	0.063250895148883	0.0812157569959884
5	0.166117878025451	0.100755586157347	0.263143009002162	0.46998352681504
6	0.10466362607827	0.320778754257202	0.0509452561167434	0.523612363547784
7	0.189773102507472	0.0771559857261073	0.599340066672533	0.133730845093888
8	0.214582505291514	0.286773958506906	0.251814902677445	0.246828633524135
9	0.193770386398433	0.289071448081148	0.197684807860516	0.319473357659904
