Pos	A	C	G	T
1	0.374959359837034	0.274483660672041	0.175278489745463	0.175278489745463
2	0.147884596915665	0.247211357923312	0.0509429398895645	0.553961105271459
3	8.81087543977282e-05	8.81087543977282e-05	8.81087543977282e-05	0.999735673736807
4	0.999735673736807	8.81087543977282e-05	8.81087543977282e-05	8.81087543977282e-05
5	0.999735673736807	8.81087543977282e-05	8.81087543977282e-05	8.81087543977282e-05
6	8.81087543977282e-05	8.81087543977282e-05	8.81087543977282e-05	0.999735673736807
7	8.81087543977282e-05	0.999735673736807	8.81087543977282e-05	8.81087543977282e-05
8	8.81087543977282e-05	0.999735673736807	8.81087543977282e-05	8.81087543977282e-05
9	0.0748096190089351	0.576304384027293	0.174672962330864	0.174213034632908
10	0.199145168864833	0.302548721938463	0.199145168864833	0.29916094033187
