Pos	A	C	G	T
1	0.246773947650811	0.267327026125609	0.283857606216582	0.202041420006999
2	0.198827332422643	0.321319762358485	0.17113227095182	0.308720634267052
3	0.104224356231846	0.0492320998711239	0.0449947513892916	0.801548792507739
4	0.406514521369178	0.0720686870861769	0.486686243329538	0.0347305482151078
5	0.94563954039779	0.000364897590860127	0.0321966194653187	0.0217989425460311
6	0.0212965058179722	0.0308316886421308	0.060252436595862	0.887619368944035
7	0.0706178067033278	0.0638976338858806	0.154050786753331	0.711433772657461
8	0.432589867695863	0.0529734101152515	0.395357370525612	0.119079351663273
9	0.212670456197807	0.301793742916994	0.298790845002014	0.186744955883185
