Pos	A	C	G	T
1	0.271803419960747	0.163216752006539	0.0843587960953828	0.480621031937331
2	0.1003980479699	0.101407065126751	0.0337554796696537	0.764439407233695
3	0.843497963622944	0.0172456077598958	0.0671922214240616	0.072064207193099
4	0.923696283119391	0.0144166432493866	0.00737712001443428	0.0545099536167884
5	0.0303327185797295	0.0285662785658707	0.0322083891437059	0.908892613710694
6	0.0733235664011762	0.0184466367446878	0.0999711918838684	0.808258604970268
7	0.601590035428517	0.0179856858259748	0.323622013305038	0.0568022654404701
8	0.201760678678252	0.297996647348879	0.346222709099382	0.154019964873487
9	0.1395295968675	0.323201750421607	0.194081222209276	0.343187430501617
10	0.146950646921665	0.379971707127104	0.174181314695916	0.298896331255315
