Pos	A	C	G	T
1	0.234889638344612	0.383414166537637	0.146806556773138	0.234889638344612
2	0.194417392834617	0.478189624206369	0.0946331045716122	0.232759878387402
3	0.522892118156073	0.361179537252651	0.0597025759743983	0.0562257686168771
4	0.00827504586011295	0.985593957964195	6.91425233323206e-07	0.00613030475045907
5	0.19306650143434	3.09115639130283e-09	0.729992818445394	0.0769406770291091
6	3.00723339010227e-12	0.999999396183577	3.40173759019549e-21	6.03813415543681e-07
7	0.0028308678793618	0.992853712840109	0.00430847208111872	6.94719941010613e-06
8	0.00101233214086838	0.806139430572083	0.00375187876768185	0.189096358519367
9	0.354676325421584	0.233038951698471	0.0848772092025114	0.327407513677434
