Pos	A	C	G	T
1	0.310430238960808	0.229856583463219	0.229856583463219	0.229856583463219
2	0.141166870146217	0.37406203513386	0.141166870146217	0.343604213924172
3	0.570189100865028	0.429360336488278	0.000225275998579229	0.000225275998579229
4	0.000225275998579229	0.999324161354727	0.000225275998579229	0.000225275998579229
5	0.085811260785104	0.000225275998579229	0.913738176568203	0.000225275998579229
6	0.000225275998579229	0.999324161354727	0.000225275998579229	0.000225275998579229
7	0.000225275998579229	0.999324161354727	0.000225275998579229	0.000225275998579229
8	0.000225275998579229	0.999324161354727	0.000225275998579229	0.000225275998579229
9	0.217940262795911	0.667367230082985	0.0203686898729762	0.0943238065985922
10	0.109058403189978	0.359750730457108	0.109058403189978	0.422132452513401
