Pos	A	C	G	T
1	0.225759955664247	0.223668497155939	0.227729065573039	0.322842481512298
2	7.05551092552922e-05	7.05551092552922e-05	0.999788334577761	7.05551092552922e-05
3	7.05551092552922e-05	0.999788334577761	7.05551092552922e-05	7.05551092552922e-05
4	7.05551092552922e-05	7.05551092552922e-05	7.05551092552922e-05	0.999788334577761
5	0.893475471477123	7.05551092552922e-05	7.05551092552922e-05	0.106383418209888
6	7.05551092552922e-05	0.999788334577761	7.05551092552922e-05	7.05551092552922e-05
7	7.05551092552922e-05	0.504332968264754	7.05551092552922e-05	0.495525921422259
8	7.05551092552922e-05	7.05551092552922e-05	0.999788334577761	7.05551092552922e-05
9	0.0984444598664808	0.0984444598664808	0.286130598542565	0.516980481629998
