Pos	A	C	G	T
1	0.290289661642336	0.211014538088333	0.28768126744121	0.211014538088333
2	0.243370445657203	0.0861728498283151	0.0861728498283151	0.58428385994638
3	0.215478397205497	0.0600257164879575	0.664470175078801	0.0600257164879575
4	0.151281373508117	0.0762986125539679	0.000121055390431295	0.772298963807696
5	0.919667910772587	0.0800899837067627	0.000121055390431295	0.000121055390431295
6	0.922970109736042	0.0767877847433074	0.000121055390431295	0.000121055390431295
7	0.999636839088919	0.000121055390431295	0.000121055390431295	0.000121055390431295
8	0.000121055390431295	0.668017235963043	0.000121055390431295	0.331740658516307
9	0.88268044940876	0.0391065186171509	0.0391065186171509	0.0391065186171509
10	0.508155384628705	0.163948206877169	0.163948206877169	0.163948206877169
11	0.429713984607632	0.190095340217527	0.190095340217527	0.190095340217527
