Pos	A	C	G	T
1	0.341380576320251	0.219539809387775	0.219539809387775	0.219539809387775
2	0.474681545207646	0.175106153091976	0.175106153091976	0.175106153091976
3	0.263747548443903	0.386040149855719	0.175106153091976	0.175106153091976
4	0.680242809872263	0.106585731537104	0.106585731537104	0.106585731537104
5	0.0225313958885675	0.0225313958885675	0.0225313958885675	0.932405816817872
6	0.187691867713148	0.000165128211157502	0.811977880348111	0.000165128211157502
7	0.000165128211157502	0.000165128211157502	0.000165128211157502	0.999504619850102
8	0.877663852917626	0.000165128211157502	0.000165128211157502	0.122005895143634
9	0.119266715296203	0.0306253199442767	0.0306253199442767	0.819482649298818
10	0.401417921054803	0.260937391446633	0.0750589762400745	0.262585715742065
11	0.537929201658262	0.311952850345163	0.0750589762400745	0.0750589762400745
12	0.383100777619744	0.143579397794947	0.143579397794947	0.329740431273936
13	0.317098804153123	0.227633733443484	0.227633733443484	0.227633733443484
