Pos	A	C	G	T
1	0.246817898854513	0.22333007032835	0.275517407882911	0.254334622934225
2	0.232579365928157	0.121417075757877	0.364757053650987	0.281246504662979
3	0.104110405160145	0.149224506068758	0.104110405160145	0.642554683610952
4	0.0385202572934725	0.032498185805676	0.00269442350003534	0.926287133400816
5	0.0136634551075068	0.948351067028271	0.00601781814010097	0.0319676597241216
6	0.154282459582976	0.560475244839415	0.0550799119744313	0.230162383603178
7	0.00216106584671918	0.982992555145348	0.00581593490273496	0.00903044410519761
8	0.864986828782237	0.0199397311323994	0.072436787167326	0.0426366529180375
9	0.108203231577255	0.456692926792571	0.189428421947557	0.245675419682618
