Pos	A	C	G	T
1	0.254047133528061	0.207996200957757	0.286437343199849	0.251519322314334
2	0.226737594496084	0.146027268895109	0.366424822450212	0.260810314158594
3	0.116857803760256	0.192665946690567	0.139904191673807	0.550572057875371
4	0.0636690194422067	0.045773169163892	0.0160177597897367	0.874540051604165
5	0.0237326036281152	0.913103998502953	0.013421391079564	0.0497420067893683
6	0.176511912820221	0.540983277836022	0.0669126721842925	0.215592137159464
7	0.00642073767465089	0.962498986186458	0.0125476451883963	0.0185326309504947
8	0.775487797445662	0.0393892228797359	0.108147090300885	0.0769758893737175
9	0.138207897581578	0.394949952979124	0.202099278758676	0.264742870680623
