Pos	A	C	G	T
1	0.234080837819454	0.261299305967643	0.227162703552333	0.27745715266057
2	0.341007075489846	0.0824261900267276	0.529484147637182	0.0470825868462441
3	0.228891714678421	0.0825371941747956	0.0409867576482265	0.647584333498557
4	0.603148335507833	0.293583813022636	0.0421891535359732	0.0610786979335576
5	0.822332023508737	0.101711892714666	0.0233861562874851	0.0525699274891111
6	0.886983629529999	0.0244792673026225	0.0411748044437652	0.0473622987236135
7	0.0322180028199588	0.729621122821256	0.0184032152316075	0.219757659127178
8	0.848510159348067	0.0325729457369224	0.0363604650156978	0.0825564298993126
9	0.363227354092377	0.215946125611727	0.191527032038812	0.229299488257083
