Pos	A	C	G	T
1	0.259860415557174	0.156045030663841	0.411638123981998	0.172456429796987
2	0.231178288252273	0.470214617437664	0.130737202894259	0.167869891415804
3	0.193152858050244	0.514647338193307	0.102871628549553	0.189328175206896
4	0.50683423081374	0.346604371343587	0.0863305893993364	0.0602308084433374
5	0.00194536922708577	0.997699163985863	3.06676107340921e-05	0.000324799176317461
6	0.302467510919827	3.88508187128023e-05	0.62139929949893	0.0760943387625296
7	3.36184948612779e-05	0.999565892379625	2.61821101247506e-05	0.000374307015388709
8	6.25171678842574e-05	0.999930647977136	4.59717141975357e-06	2.23768355987183e-06
9	0.0224714358714467	0.790167529206262	0.000148413198535441	0.187212621723756
10	0.391926919448061	0.223872208776248	0.124098473630819	0.260102398144872
