Pos	A	C	G	T
1	0.25238649143358	0.25238649143358	0.144165451513496	0.351061565619343
2	0.282623658781474	0.149025314146906	0.325094589625809	0.243256437445811
3	0.169510338510511	0.130701215324367	0.433943316732727	0.265845129432395
4	0.109311197096895	0.201179759354809	0.0851316459011284	0.604377397647168
5	0.0677877950069191	0.052267886840507	0.00305378609867839	0.876890532053895
6	0.04756371423759	0.881892497897541	0.000992101523451375	0.0695516863414178
7	0.144816607978521	0.581416966080525	0.0350042040362856	0.238762221904668
8	0.0390053486788731	0.874540654136301	0.00221156140203662	0.0842424357827898
9	0.802785879567367	0.0210750110541547	0.0584451102958042	0.117693999082674
10	0.160112996604336	0.435232249096191	0.158519845669471	0.246134908630002
