Pos	A	C	G	T
1	0.174349640953615	0.476951076280429	0.174349640953615	0.174349640953615
2	0.417838159551625	0.582070689374935	4.55751073576344e-05	4.55751073576344e-05
3	4.55751073576344e-05	0.999863273819201	4.55751073576344e-05	4.55751073576344e-05
4	4.55751073576344e-05	0.0849137089203611	0.914995140006201	4.55751073576344e-05
5	4.55751073576344e-05	0.999863273819201	4.55751073576344e-05	4.55751073576344e-05
6	4.55751073576344e-05	0.914995140006201	0.0849137089203611	4.55751073576344e-05
7	4.55751073576344e-05	0.999863273819201	4.55751073576344e-05	4.55751073576344e-05
8	0.305774442938432	0.694134405988129	4.55751073576344e-05	4.55751073576344e-05
9	0.0756959339390615	0.598878237438078	0.0756959339390615	0.249729893825074
