Pos	A	C	G	T
1	0.180597418099569	0.342499550240658	0.170080243224784	0.306822788434989
2	0.160975991549779	0.372879470827606	0.157788453351866	0.30835608427075
3	0.176731820887653	0.163144032790271	0.118466882321376	0.5416572640007
4	0.186902271468425	0.0882863816841873	0.157682870584383	0.567128476263004
5	0.197961533999009	0.101298615030537	0.0302069714182939	0.67053287955216
6	0.236651815035709	0.225110169825368	0.457872117602385	0.080365897536538
7	0.326313433180833	0.199908221960053	0.140872943060421	0.332905401798693
8	0.262323521205113	0.221313125412783	0.223537359300723	0.292825994081381
9	0.220693706709272	0.261589321210864	0.283376328705771	0.234340643374093
10	0.203636360180397	0.220596635488844	0.222813668533336	0.352953335797423
