Pos	A	C	G	T
1	0.0243593414370782	0.344783059922014	0.489270451611096	0.141587147029812
2	0.00153891742873925	0.00309899913833083	0.99334615630876	0.00201592712417031
3	0.000667916186570524	0.000452217245735955	0.000226821348506548	0.998653045219187
4	0.160312965155015	0.168532386640381	0.00125499041829721	0.669899657786307
5	0.235732461349837	0.00382935937549813	0.701132947725237	0.0593052315494278
6	0.00597884867920372	0.827350163893821	0.0029394662609801	0.163731521165995
7	0.00391802001347418	0.189727043661994	0.02924142672378	0.777113509600752
8	0.959729844235081	0.00908524649340033	0.0239663756452063	0.00721853362631253
9	0.255326882563343	0.111335104936053	0.308753930000896	0.324584082499707
10	0.00698502480476534	0.0842483128430043	0.883391558155407	0.0253751041968235
