Pos	A	C	G	T
1	0.226873319413718	0.226873319413718	0.319380041758845	0.226873319413718
2	0.924432551175309	0.0251891496082302	0.0251891496082302	0.0251891496082302
3	0.091856507074653	8.63499695184608e-05	0.90797079298631	8.63499695184608e-05
4	8.63499695184608e-05	8.63499695184608e-05	0.999740950091445	8.63499695184608e-05
5	8.63499695184608e-05	8.63499695184608e-05	8.63499695184608e-05	0.999740950091445
6	8.63499695184608e-05	8.63499695184608e-05	0.999740950091445	8.63499695184608e-05
7	8.63499695184608e-05	0.202328340578096	8.63499695184608e-05	0.797498959482867
8	8.63499695184608e-05	0.192088097692902	0.419593498883495	0.388232053454085
9	0.745528798578334	0.0232130305558002	0.208045140310065	0.0232130305558002
10	0.325308398916135	0.224897200361288	0.224897200361288	0.224897200361288
