Pos	A	C	G	T
1	0.191800242715948	0.216254169790009	0.205707329476967	0.386238258017077
2	0.129497199121758	0.255611637703297	0.0949793265403962	0.519911836634549
3	0.276746909722946	0.318334719161485	0.296813324811173	0.108105046304395
4	0.606664640580312	0.0658893059937429	0.16044900270416	0.166997050721785
5	0.0516530856927927	0.884082103563938	0.00364935316414326	0.0606154575791259
6	0.820199316377489	0.000121183104238707	0.179387340207884	0.000292160310388407
7	0.0988768717779186	0.783581719012374	0.0669452657705224	0.0505961434391857
8	0.123282583034774	0.515160829981217	0.158297970044884	0.203258616939125
9	0.152300920940668	0.195558253464512	0.0933035640345681	0.558837261560251
10	0.251217310566849	0.283246726720621	0.149353853150917	0.316182109561613
