Pos	A	C	G	T
1	0.254598025017772	0.216954125707821	0.281374333044387	0.24707351623002
2	0.418836666777518	0.117622580416608	0.378979088152157	0.084561664653717
3	0.0661937619182774	0.0166529308488631	0.708100637717462	0.209052669515397
4	0.000228776994395658	0.0017074353103611	0.997240959269081	0.000822828426161905
5	0.00061086528869605	2.23642019226535e-06	2.07984082776883e-05	0.999366099882834
6	0.000305600438655082	0.996773150855335	0.00188612264902179	0.00103512605698853
7	0.786371378548464	0.000682105578334879	0.210067555712673	0.00287896016052794
8	0.264749721208027	0.295534307939131	0.138211473870478	0.301504496982363
9	0.250114136284961	0.25262782514431	0.270945409276529	0.2263126292942
10	0.243455784143982	0.271764352961248	0.250870116587104	0.233909746307666
