Pos	A	C	G	T
1	0.291813317236877	0.205937702770558	0.205937702770558	0.29631128082312
2	0.676243822980115	0.0735402056644327	0.176675769292136	0.0735402056644327
3	0.265717105933103	0.000143897679310323	0.630859538681689	0.103279461307013
4	0.000143897679310323	0.000143897679310323	0.999568310563185	0.000143897679310323
5	0.78422493230856	0.000143897679310323	0.000143897679310323	0.215487275933935
6	0.999568310563185	0.000143897679310323	0.000143897679310323	0.000143897679310323
7	0.000143897679310323	0.999568310563185	0.000143897679310323	0.000143897679310323
8	0.999568310563185	0.000143897679310323	0.000143897679310323	0.000143897679310323
9	0.0442061958090303	0.339883291611147	0.0442061958090303	0.57170432037191
10	0.281522328407684	0.267365842343595	0.274508139934681	0.176603692915156
