Pos	A	C	G	T
1	0.353915948430102	0.145337620235468	0.298586433731389	0.202159997603042
2	0.672424949666216	0.0400805230449532	0.179628442018498	0.107866085270333
3	0.197984830763255	0.109748393666551	0.606794640638247	0.0854721349319471
4	0.0202756655454621	0.028772538999995	0.924655674782615	0.0262961206719277
5	0.00389002113119737	0.062703332072603	0.0003978877256644	0.933008759070535
6	0.0113650755789677	0.0143040842359824	0.973156689449728	0.00117415073532245
7	0.090980876696804	0.133039933918414	0.01800499714471	0.757974192240072
8	0.0387792876919791	0.216564035877304	0.449387831113237	0.29526884531748
9	0.873099514183653	0.0205333324945794	0.0800018325105405	0.0263653208112272
10	0.522604590886532	0.163829317340828	0.139606135226333	0.173959956546306
