Pos	A	C	G	T
1	0.25169241561694	0.16372820544359	0.139519973351109	0.445059405588361
2	0.153300840536734	0.287839279971265	0.192944439414237	0.365915440077765
3	0.557509555499574	0.0325728670772574	0.338146638521805	0.0717709389013636
4	0.915902688766447	0.00958222792369657	0.00648771328917432	0.0680273700206822
5	0.0407851566141576	0.0411950542526143	0.763809342440946	0.154210446692282
6	0.186425764580314	0.0450617204206147	0.15571588779824	0.612796627200832
7	0.331382355084845	0.0363528592729722	0.546357137516953	0.0859076481252296
8	0.0904979272929521	0.349089015135407	0.285809912262716	0.274603145308925
9	0.193842034802309	0.272337899729812	0.214228579560502	0.319591485907377
10	0.213256600589528	0.238053666614274	0.217564669690252	0.331125063105945
