Pos	A	C	G	T
1	0.218141807688451	0.22033416930339	0.215971260436058	0.345552762572101
2	0.140518243401339	0.271873620146247	0.111646466151443	0.475961670300972
3	0.28617629720146	0.289052416803375	0.294891662959779	0.129879623035386
4	0.574102209403718	0.0531334910516335	0.167805814673745	0.204958484870904
5	0.0847278033916369	0.77235462603519	0.00182110563012594	0.141096464943047
6	0.792147443377047	0.00017635567222816	0.185814254051219	0.0218619468995058
7	0.135653204997263	0.720612586967652	0.0546037010875904	0.0891305069474937
8	0.133955705828884	0.491523224898601	0.168596652679795	0.205924416592719
9	0.172880231980095	0.189161103990736	0.102780850259046	0.535177813770123
10	0.257707138394525	0.281976523554264	0.148684084644229	0.311632253406982
