Pos	A	C	G	T
1	0.219601523894128	0.204755103723234	0.392216761087777	0.183426611294861
2	0.380662370678956	0.190931135548764	0.215274254195344	0.213132239576936
3	0.402559252802669	0.170347811696994	0.203943357927247	0.223149577573089
4	0.213067134209061	0.255087672577939	0.296369592891402	0.235475600321598
5	0.183534999436358	0.377060398111715	0.263066113277455	0.176338489174472
6	0.120837440339775	0.0304001084032098	0.102970874262896	0.745791576994119
7	0.0358673569411891	0.000594418064517	0.000755653459422303	0.962782571534871
8	0.000181892008678385	0.997904790663312	0.000117145078301555	0.00179617224970784
9	0.0433842618372103	0.361440250038242	0.287176423963744	0.307999064160804
