Pos	A	C	G	T
1	0.411741761061998	0.164708925765179	0.258840389196071	0.164708925765179
2	0.000103377264949355	0.000103377264949355	0.000103377264949355	0.999689869993579
3	0.000103377264949355	0.0533947348697759	0.892111054639557	0.0543908350141443
4	0.999689869993579	0.000103377264949355	0.000103377264949355	0.000103377264949355
5	0.000103377264949355	0.999689869993579	0.000103377264949355	0.000103377264949355
6	0.000103377264949355	0.0533947348697759	0.53002865292146	0.416473236732241
7	0.0533947348697759	0.583320010536624	0.000103377264949355	0.363181879117077
8	0.700859827313654	0.298933419944873	0.000103377264949355	0.000103377264949355
9	0.448472953799005	0.155619511964616	0.0853944519468772	0.310513084077929
