Pos	A	C	G	T
1	0.224348564257769	0.224348564257769	0.224348564257769	0.326954307226692
2	0.159481804089466	0.341071824020078	0.339964567800989	0.159481804089466
3	0.332213774267365	0.0723776481877907	0.523030929357053	0.0723776481877907
4	3.69085406363032e-05	3.69085406363032e-05	3.69085406363032e-05	0.999889274378091
5	3.69085406363032e-05	3.69085406363032e-05	0.999889274378091	3.69085406363032e-05
6	0.999889274378091	3.69085406363032e-05	3.69085406363032e-05	3.69085406363032e-05
7	3.69085406363032e-05	0.999889274378091	3.69085406363032e-05	3.69085406363032e-05
8	3.69085406363032e-05	3.69085406363032e-05	0.999889274378091	3.69085406363032e-05
9	0.0256883442828671	0.375581309515022	0.0256883442828671	0.573042001919244
10	0.16843212519377	0.476618439506902	0.264394330848158	0.09055510445117
11	0.379179892227061	0.177659260352846	0.265501587067247	0.177659260352846
