Pos	A	C	G	T
1	0.393548313431878	0.182218012154497	0.322210107039534	0.10202356737409
2	0.0581174526376229	0.0629578848476983	0.0480607583017451	0.830863904212934
3	0.0576408485992398	0.0339276899450268	0.321896959613982	0.586534501841751
4	0.398992736824089	0.037298130832914	0.301552223464829	0.262156908878168
5	0.123827062855589	0.477653673541473	0.120167420081245	0.278351843521693
6	0.0992816559130119	0.0672193276518931	0.763536415981509	0.0699626004535861
7	0.15084694610817	0.55906498610961	0.00113458361167902	0.288953484170541
8	0.997695804368135	0.000985553788248953	0.000937487762818466	0.000381154080798009
9	0.962173481230006	0.00248232288589078	0.0154745195157229	0.0198696763683798
10	0.0803933019703776	0.269597704270312	0.222946284043649	0.427062709715662
