Pos	A	C	G	T
1	0.286595553532601	0.237801482198613	0.237801482198613	0.237801482198613
2	3.77765483979342e-06	3.77765483979342e-06	3.77765483979342e-06	0.999988667163921
3	3.77765483979342e-06	3.77765483979342e-06	0.0992259595432931	0.900766485275468
4	0.340631705630109	3.77765483979342e-06	0.440369025282638	0.218995491560854
5	3.77765483979342e-06	0.999988667163921	3.77765483979342e-06	3.77765483979342e-06
6	0.0314770338033108	3.77765483979342e-06	0.96851541101545	3.77765483979342e-06
7	0.086498456098155	0.794094192668333	3.77765483979342e-06	0.119403573707113
8	0.999988667163921	3.77765483979342e-06	3.77765483979342e-06	3.77765483979342e-06
9	0.96339311366343	0.0122022954883369	0.0122022954883369	0.0122022954883369
