Pos	A	C	G	T
1	0.210428530064666	0.267372840459415	0.311770099411254	0.210428530064666
2	0.270811215133674	0.218451404304604	0.371187626676962	0.13954975388476
3	2.4128945082521e-05	0.0615529389055111	2.4128945082521e-05	0.938398803204324
4	2.4128945082521e-05	2.4128945082521e-05	0.938398803204324	0.0615529389055111
5	0.999927613164752	2.4128945082521e-05	2.4128945082521e-05	2.4128945082521e-05
6	2.4128945082521e-05	0.999927613164752	2.4128945082521e-05	2.4128945082521e-05
7	2.4128945082521e-05	2.4128945082521e-05	0.999927613164752	2.4128945082521e-05
8	2.4128945082521e-05	2.4128945082521e-05	2.4128945082521e-05	0.999927613164752
9	0.194744715761027	0.726064086478139	0.039595598880417	0.039595598880417
10	0.56192693755429	0.155595502364637	0.172003185020751	0.110474375060322
