Pos	A	C	G	T
1	0.299086323889564	0.19560336828064	0.309706939549156	0.19560336828064
2	0.0489530307144382	0.0489530307144382	0.853140907856685	0.0489530307144382
3	0.718839383865891	0.0928900201142532	0.188204690865282	6.59051545739495e-05
4	6.59051545739495e-05	0.999802284536278	6.59051545739495e-05	6.59051545739495e-05
5	6.59051545739495e-05	0.999802284536278	6.59051545739495e-05	6.59051545739495e-05
6	0.899287038037819	0.100581151653033	6.59051545739495e-05	6.59051545739495e-05
7	6.59051545739495e-05	0.999802284536278	6.59051545739495e-05	6.59051545739495e-05
8	6.59051545739495e-05	0.999802284536278	6.59051545739495e-05	6.59051545739495e-05
9	0.141617490437162	0.651146057685464	0.054462536873934	0.15277391500344
10	0.396661376679593	0.201112874440136	0.201112874440136	0.201112874440136
