Pos	A	C	G	T
1	0.26336814997993	0.113713134794489	0.214108188466816	0.408810353694542
2	0.111421096938677	0.102864510674852	0.117660902911256	0.668053545827805
3	0.296229273269963	0.380369003577751	0.210025562787073	0.113376015864857
4	0.563230509971433	0.0143144963397764	0.291289269346558	0.131165534992296
5	0.045410038669422	0.804739594314676	0.00407261242652996	0.145777787790152
6	0.865741650571087	0.000575330634092747	0.118209571999283	0.0154734389802877
7	0.18341457287833	0.580736280686105	0.10667213218148	0.129176798153163
8	0.245743175486023	0.401257541133914	0.146969182566495	0.206030065140869
9	0.115829404300986	0.173520163550079	0.0492232620256157	0.66142684321472
10	0.308443402201764	0.31941564823649	0.111173212772081	0.260967617616533
