Pos	A	C	G	T
1	0.285796566483653	0.209616621797762	0.245987384413606	0.258599427304979
2	0.285774386277351	0.231644215426435	0.250937182869779	0.231644215426435
3	0.25458129558427	0.237370026669229	0.2730405223052	0.235008155441302
4	0.208046535885512	0.179067312908798	0.49164739599489	0.1212387552108
5	0.735570526560944	0.0874132108455372	0.0946936008516356	0.082322661741883
6	0.116122093307319	0.723891968004751	7.09799502509459e-05	0.159914958737679
7	0.0479946162225076	0.000971502772091204	0.863581988477703	0.0874518925276975
8	0.00029734919837344	0.999396822895598	1.43666162730387e-05	0.000291461289755457
9	0.185086947638129	0.262650881045924	0.278892304474074	0.273369866841874
10	0.319080559746469	0.213886095512778	0.250997658231456	0.216035686509297
