Pos	A	C	G	T
1	0.286397339396794	0.223046472201207	0.246504474451979	0.24405171395002
2	0.304560202132838	0.204152808728098	0.244415287331935	0.246871701807129
3	0.289448604945789	0.220959129690099	0.261903928357681	0.227688337006432
4	0.238916005219831	0.251165490747111	0.229547974661226	0.280370529371832
5	0.191173277663538	0.159681344055063	0.535488936477634	0.113656441803765
6	0.97029990071379	0.00145878690127664	0.00172910719107616	0.0265122051938571
7	0.150691931408831	0.695921984760043	0.00117967333365656	0.152206410497469
8	0.0419995476229726	0.000475998225880395	0.932303911489265	0.0252205426618824
9	0.0232546166094954	0.969231680369675	0.000648238676039654	0.00686546434478975
10	0.186995764675696	0.257517059334218	0.287460646098503	0.268026529891584
