Pos	A	C	G	T
1	0.250511228751636	0.219972765365937	0.258140431472082	0.271375574410345
2	0.169952451051711	0.220416447061878	0.152249207032263	0.457381894854148
3	0.117214433129265	0.0718086555202938	0.667810879435012	0.143166031915429
4	0.946665185447004	0.000679054071237441	0.000567193637659423	0.0520885668440995
5	0.0982505874519815	0.711603752817849	5.11762987662326e-05	0.190094483431403
6	0.375280012469082	0.188231473475235	0.259218788230606	0.177269725825077
7	0.147800371853678	0.173445343102237	0.356331873057434	0.322422411986651
8	0.167061315218537	0.295409019241688	0.307464890018279	0.230064775521496
9	0.220995601701692	0.241807704190276	0.194055228112056	0.343141465995976
