Pos	A	C	G	T
1	0.306793052491486	0.195619887005414	0.241331962681238	0.256255097821863
2	0.249979239941508	0.223939936259244	0.198616906069486	0.327463917729761
3	0.185282560539605	0.189025516545455	0.183438968259165	0.442252954655775
4	0.239923315241001	0.094662634247859	0.214931495650391	0.45048255486075
5	0.310252216929248	0.127406857705313	0.476937554637388	0.0854033707280508
6	0.0451262693908019	0.879597614193185	0.0314835298397803	0.0437925865762323
7	0.00205653537351266	0.0126926452185975	0.954342582687426	0.030908236720464
8	1.80969844662283e-05	0.190183622518249	0.0308146442633159	0.778983636233969
9	0.812135729897774	0.0206903515281897	0.0646939366104698	0.102479981963567
10	0.430721567376617	0.155316017846179	0.258646396931024	0.155316017846179
