Pos	A	C	G	T
1	0.241029396983148	0.241029396983148	0.158367598780951	0.359573607252753
2	0.136113934675753	0.0335652830491224	0.0231846933210375	0.807136088954087
3	0.199520866414892	0.0262041769795819	0.710464388264489	0.0638105683410368
4	0.894297111814439	0.0221101783301075	0.0246811072033755	0.0589116026520778
5	0.0537888723738054	0.0436004125562539	0.0778720124144002	0.824738702655541
6	0.108826564856342	0.0484123752023001	0.100459580941352	0.742301479000005
7	0.276235286756324	0.0421507716333127	0.578971347796762	0.102642593813601
8	0.403821503101491	0.186974633225386	0.270689648567458	0.138514215105665
9	0.201647595707397	0.269487389784415	0.165095087895458	0.36376992661273
