Pos	A	C	G	T
1	0.211127051171101	0.282155994637001	0.185389698981145	0.321327255210753
2	0.182075269866645	0.0559478592662321	0.0087095504181686	0.753267320448954
3	0.817984138302954	0.019625759159697	0.127337742448918	0.0350523600884309
4	0.0114665968059754	0.00668213924996867	0.00977118924905572	0.972080074695
5	0.0316046110532755	0.00415080806480032	0.0266636983886272	0.937580882493297
6	0.0266338799177291	0.015676834082795	0.890857147085584	0.0668321389138917
7	0.0160812703375575	0.941670344939239	0.00308840649969412	0.039159978223509
8	0.043123527306642	0.0457901373096753	0.760570435579804	0.150515899803879
9	0.107021008596865	0.504226290782934	0.273971793335341	0.114780907284859
10	0.237029469746472	0.212339090074069	0.163724392136886	0.386907048042573
