Pos	A	C	G	T
1	0.292705791542301	0.192321409487959	0.242055727881794	0.272917071087946
2	0.29989033889494	0.114825877354153	0.159719135713617	0.42556464803729
3	0.148849812409231	0.191126942394585	0.10281567554641	0.557207569649774
4	0.538132604401989	0.0639502224638846	0.179128783233835	0.218788389900292
5	0.813389501844307	0.0341652855926418	0.0708957215801992	0.0815494909828521
6	0.102211262194612	0.0252049869437899	0.0544368802212083	0.818146870640389
7	0.181847627182105	0.105971386948392	0.290955147518629	0.421225838350874
8	0.528515832446079	0.0529883862708201	0.281483199093064	0.137012582190038
9	0.20381042359927	0.310191629330436	0.292127475121077	0.193870471949217
