Pos	A	C	G	T
1	0.217253710606496	0.215092000067714	0.198554941242185	0.369099348083605
2	0.210420384095827	0.160630606416563	0.192309751044849	0.436639258442762
3	0.128984214243378	0.106664674106492	0.119067436595507	0.645283675054623
4	0.135083060714195	0.0517223429715945	0.617630173475822	0.195564422838388
5	0.691651661325788	0.0855484130029649	0.101400948952261	0.121398976718986
6	0.13400907296056	0.357061310865848	0.0728139462644893	0.436115669909103
7	0.3288322222073	0.075606908254811	0.385888187482234	0.209672682055655
8	0.299948575336508	0.16794071740098	0.180117793376124	0.351992913886388
9	0.232287029011665	0.192091880343927	0.427508341678731	0.148112748965677
