Pos	A	C	G	T
1	0.256992501383398	0.234873461398716	0.212522296380772	0.295611740837114
2	0.352985705858972	0.158606701583226	0.074175029438774	0.414232563119029
3	0.520943186174669	0.10413009058147	0.22265889649996	0.152267826743902
4	0.836818191822059	0.0806087200783843	0.051398389192083	0.0311746989074731
5	0.0536208169319486	0.899588438157046	0.00332655544837439	0.0434641894626304
6	0.0543985911251024	0.885664538879897	0.0112047551521899	0.0487321148428107
7	0.297544811619198	0.0106500527106107	0.629902371061077	0.0619027646091138
8	0.0597723490046569	0.898335100951157	0.00490641318786587	0.0369861368563201
9	0.770910748731226	0.0454936432288222	0.108589270773283	0.0750063372666688
10	0.456248824260997	0.133358144934808	0.255452971476138	0.154940059328057
