Pos	A	C	G	T
1	0.372843969412632	0.157773430499178	0.219457813330522	0.249924786757668
2	0.282039472736445	0.273703946602846	0.189056712361332	0.255199868299378
3	0.177779151771163	0.464305183653626	0.257377031768515	0.100538632806696
4	0.260303650348138	0.591019395742697	0.112375825158236	0.0363011287509298
5	0.0483072347103543	0.00226501489918999	0.941600734408566	0.00782701598189001
6	0.0264319140200695	0.0184409206656686	0.938771535903669	0.0163556294105927
7	0.877399853255601	0.01962811195641	0.0249522206459882	0.0780198141420009
8	0.765798583205949	0.0465682598250765	0.0150430966200827	0.172590060348892
9	0.281705046506673	0.157726195407766	0.488266121960816	0.0723026361247459
10	0.182791291336779	0.24428730630218	0.114244971716878	0.458676430644163
