Pos	A	C	G	T
1	0.146954846999539	0.262467004300465	0.135656421447854	0.454921727252143
2	0.134497982769715	0.0610412094641544	0.460148471127548	0.344312336638583
3	0.947141864330475	0.000797278590051837	0.000464612705050275	0.0515962443744233
4	0.0258559607279736	0.0370601090508684	0.000217086619750802	0.936866843601407
5	0.0962731722808784	0.467401997106601	0.034028203495677	0.402296627116844
6	0.326456796433906	0.0311339111878294	0.565832227569834	0.0765770648084307
7	0.296585880436931	0.148760380067385	0.455928876046755	0.0987248634489294
8	0.222152567916219	0.252993649765887	0.147431607276232	0.377422175041661
9	0.317602218064504	0.170852346593419	0.174303792940734	0.337241642401343
