Pos	A	C	G	T
1	0.459522029360477	0.123988259899479	0.25728563366495	0.159204077075095
2	0.115659279961487	0.639475703252127	0.181389858114834	0.0634751586715522
3	0.147215536670359	0.822129354680498	0.0258393299810202	0.00481577866812334
4	0.000821410337825838	0.00121320729278551	0.995522282899108	0.00244309947028095
5	0.00111876380344962	0.00119988333207661	0.994484316231264	0.00319703663320951
6	0.964412754518764	0.00587978015391573	0.00979154611769014	0.0199159192096303
7	0.635432294213003	0.0576451172083628	0.0325997802012836	0.27432280837735
8	0.279102269952154	0.122925474548429	0.545432072152993	0.0525401833464237
9	0.125096278365868	0.281204923203672	0.10140107247647	0.49229772595399
