Pos	A	C	G	T
1	0.309867644766859	0.222771204057963	0.25117383119281	0.216187319982369
2	0.45742864740771	0.125916742007037	0.274683880414062	0.14197073017119
3	0.105811012414371	0.679702091054841	0.144265391669952	0.0702215048608364
4	0.0827824362321888	0.903445616045614	0.0106569889508037	0.00311495877139388
5	0.000362019040066483	0.000111240754003388	0.996193511125538	0.00333322908039157
6	0.00127234297918931	0.00256218411887064	0.993128503635954	0.00303696926598617
7	0.976431401019311	0.00387251628630491	0.00657914303386609	0.0131169396605184
8	0.816922703084176	0.0267235307902834	0.0056155777703622	0.150738188355178
9	0.219085348529056	0.152850661067036	0.589610042249475	0.0384539481544336
10	0.105477737813365	0.283865324021287	0.0829717272896288	0.527685210875719
