Pos	A	C	G	T
1	0.350684681583802	0.160755966131848	0.212701011290098	0.275858340994252
2	0.244115898064179	0.269789791175894	0.251550333969094	0.234543976790833
3	0.25314486788022	0.309191839832549	0.282580064658648	0.155083227628582
4	0.327987491909248	0.369804864477599	0.166164036703678	0.136043606909474
5	0.17626448250362	0.0641988699631209	0.615223495027296	0.144313152505963
6	0.165059364840984	0.0844622928426866	0.599625441364799	0.15085290095153
7	0.844605994789452	0.00348640193836515	0.0217338345231126	0.13017376874907
8	0.722342768845651	0.0209575670305074	0.00643981476256624	0.250259849361275
9	0.379399281422171	0.139573195654005	0.360895760126243	0.120131762797581
10	0.218130517517521	0.238672802755353	0.133632512419397	0.40956416730773
