Pos	A	C	G	T
1	0.259501790348001	0.251832353392335	0.278317793195057	0.210348063064607
2	0.409996925428229	0.140632437562776	0.261425581751278	0.187945055257716
3	0.135357937053978	0.582845798651024	0.20600957642939	0.0757866878656079
4	0.163979081292341	0.772582551875263	0.0355073198026772	0.0279310470297181
5	0.0398746640616609	0.0379299537478532	0.876328600883208	0.045866781307278
6	0.0475174378733529	0.0128211577690803	0.916990173515451	0.0226712308421161
7	0.910702313481465	0.0168477324590172	0.0526789568678334	0.0197709971916841
8	0.580099011954422	0.0842003265547575	0.0418126447464729	0.293888016744348
9	0.279023667171174	0.153131435304683	0.498346992607724	0.069497904916419
10	0.147561000595524	0.282659121379844	0.122026917260206	0.447752960764426
