Pos	A	C	G	T
1	0.635513724429683	0.0770483916178133	0.180266026868702	0.107171857083802
2	0.154613439941645	0.646083056388605	0.165824179267312	0.0334793244024378
3	0.148375696111269	0.812200754490816	0.0373281429456062	0.00209540645230936
4	0.000562956011835758	0.000344881711643918	0.997693597971227	0.0013985643052931
5	0.00922235016143116	0.00491174808251544	0.98400394137023	0.0018619603858235
6	0.979651075118706	0.00412553811496718	0.0146904329646256	0.00153295380170112
7	0.777163327133123	0.0210237033285654	0.00433035935888701	0.197482610179425
8	0.37853334114256	0.0507191807148621	0.553523471304293	0.0172240068382856
9	0.13209539903703	0.222188113558781	0.0537059814479466	0.592010505956242
