Pos	A	C	G	T
1	0.285712368933157	0.231593945144252	0.253404139034824	0.229289546887768
2	0.40882816343002	0.148902976529979	0.252976077653609	0.189292782386392
3	0.179922636259737	0.493995772654997	0.209040279843213	0.117041311242053
4	0.256626024836598	0.637541816056557	0.0871490498144501	0.0186831092923952
5	0.0060668146015896	0.00110830707151115	0.985189185409395	0.00763569291750439
6	0.00955188443577113	0.00380660782648501	0.979202492659043	0.00743901507870018
7	0.918134885267707	0.0150645501926519	0.0258508715039616	0.0409496930356797
8	0.621583948882645	0.0761169502665464	0.0312578635136194	0.271041237337189
9	0.366912295793862	0.123361965612408	0.434902924201072	0.0748228143926585
10	0.146891338911348	0.292859544052304	0.127701195194356	0.432547921841992
