Pos	A	C	G	T
1	0.182164022736047	0.189598277532625	0.193428416804895	0.434809282926433
2	0.172476860501784	0.0995104919707686	0.249700721161288	0.478311926366159
3	0.954128779126482	0.0016336203933163	0.00611532950130635	0.038122270978895
4	0.0117047534960502	0.00581240857132677	8.6293158642721e-05	0.98239654477398
5	0.0748697415945379	0.531524782687456	0.0264630607082811	0.367142415009725
6	0.197381960504524	0.0267127435396999	0.717046532312762	0.0588587636430137
7	0.415733827834243	0.0806440655273753	0.441441372025122	0.0621807346132596
8	0.219782103344631	0.240479925494681	0.105914971475768	0.43382299968492
9	0.310184917982687	0.165201944131152	0.191937275651995	0.332675862234167
