Pos	A	C	G	T
1	0.112021668089632	0.583294565787221	0.0813444264190707	0.223339339704076
2	0.214188659745723	0.229719089906448	0.346144810227009	0.209947440120819
3	0.417547063618113	0.152078565460014	0.229154687153732	0.20121968376814
4	0.58446611284337	0.060382468325691	0.129114396139156	0.226037022691782
5	0.385007927979326	0.0912190654731718	0.0939970995993564	0.429775906948146
6	0.301323762153271	0.23002438119473	0.179143168207534	0.289508688444465
7	0.257338575757161	0.273251504572117	0.284403110021019	0.185006809649703
8	0.278131557212443	0.0347470344738779	0.644254754236215	0.0428666540774635
9	0.1099294575376	0.000794405586276781	0.74236338808634	0.146912748789783
10	0.392463751636833	0.185386749459977	0.181715845869935	0.240433653033256
