Pos	A	C	G	T
1	0.403746853846676	0.124062823988904	0.154591798097788	0.317598524066633
2	0.158127428634109	0.21132584222706	0.209223114964157	0.421323614174673
3	0.10969315414956	0.0428491993658933	0.163642956511431	0.683814689973115
4	0.00744276944872806	0.0206402492610508	0.00196844328072771	0.969948538009493
5	0.00398626732951056	0.0220399184980104	0.00827182603145254	0.965701988141026
6	0.0018628603542415	0.994373738329623	0.000159153383089706	0.00360424793304619
7	0.0021015630249005	0.994938935987719	0.000206528133911435	0.00275297285346956
8	0.288947525930014	0.0157406273766695	0.662648776075392	0.0326630706179246
9	0.175745242656137	0.249394370658231	0.106594877978584	0.468265508707048
10	0.238878682558816	0.17696568058098	0.182355087907917	0.401800548952287
