Pos	A	C	G	T
1	0.153117918437122	0.260136978637964	0.344194991711002	0.242550111213911
2	0.0512295001533345	0.236586890165004	0.0361008186024316	0.67608279107923
3	0.743002021989717	0.127829681731465	0.0255515700962348	0.103616726182583
4	0.886081474325193	0.0441153989640758	0.0210480707371531	0.0487550559735778
5	9.61698202561898e-05	0.00874393493686399	0.000510870222081558	0.990649025020798
6	0.457287078268156	0.14192679179036	0.0410713736554523	0.359714756286032
7	0.361372205276716	0.13294140495454	0.0416752933285306	0.464011096440213
8	0.52214693022762	0.15261967219608	0.1064791321904	0.2187542653859
9	0.329757370986701	0.19604753291344	0.127530703167522	0.346664392932337
