Pos	A	C	G	T
1	0.175323719302154	0.201670280626699	0.165113660736521	0.457892339334626
2	0.159023952803891	0.083017782974227	0.329987520578359	0.427970743643523
3	0.914567486533128	0.00647825550574484	0.0156184242945749	0.0633358336665521
4	0.0123036034475861	0.0147300876759677	0.000444810105658472	0.972521498770788
5	0.0803568972236412	0.564803525344505	0.0289762905518443	0.325863286880009
6	0.254358388245307	0.0206712583576092	0.670983300852049	0.0539870525450339
7	0.361453386736169	0.104598905663971	0.459497310750525	0.0744503968493349
8	0.236758508284429	0.251398836799422	0.117570795775522	0.394271859140626
9	0.31407877649738	0.149851354855447	0.192412948351365	0.343656920295807
