Pos	A	C	G	T
1	0.374500670851076	0.13777109753429	0.378264465165624	0.109463766449009
2	0.226206064919081	0.276288711595392	0.249996364436679	0.247508859048848
3	0.606765128350872	0.0567208449011403	0.230014368308125	0.106499658439862
4	0.42855232477305	0.111098016399896	0.200419534539125	0.259930124287928
5	0.475920069050624	0.0467703716650041	0.205459702149394	0.271849857134979
6	0.400041902817027	0.0996405588329723	0.159424315529035	0.340893222820965
7	0.337415448825947	0.202616485260388	0.115736372876868	0.344231693036797
8	0.546503031932667	0.072496613893455	0.224424613993479	0.156575740180399
9	0.462606573998896	0.0407264175233583	0.319538242259533	0.177128766218212
