Pos	A	C	G	T
1	0.196725320805198	0.270915901214096	0.204753833449121	0.327604944531586
2	0.403678873362017	0.0815013589418181	0.259983896886266	0.254835870809899
3	0.999299498568102	9.50886688519217e-05	0.00018769340601269	0.000417719357032962
4	0.000504388158453591	0.00124059468357463	0.000417108394699453	0.997837908763272
5	0.165827335222528	0.376510937629045	0.0331468303950826	0.424514896753344
6	0.732497751817881	0.053327933370597	0.119876287320318	0.0942980274912034
7	0.661029888981995	0.0931116263744367	0.113726797266675	0.132131687376893
8	0.510164871244456	0.0989618033267347	0.174990896156286	0.215882429272523
9	0.335781670446433	0.227343288321208	0.144960480726884	0.291914560505476
