Pos	A	C	G	T
1	0.606434704856409	0.100112935827015	0.193339429209371	0.100112935827015
2	0.558534536959519	0.133576548848744	0.0471620187602189	0.260726901151327
3	0.808689822491864	0.000196195001979411	0.088314476290874	0.102799511935092
4	0.231969194505965	0.000196195001979411	0.000196195001979411	0.767638421209884
5	0.889932542777734	0.000196195001979411	0.000196195001979411	0.109675072938116
6	0.29066280696805	0.000196195001979411	0.000196195001979411	0.708944808747799
7	0.267391032613095	0.000196195001979411	0.000196195001979411	0.732216583102755
8	0.000196195001979411	0.0934226883843353	0.000196195001979411	0.906184927331514
9	0.460240677205725	0.150083260604917	0.150083260604917	0.23959280730425
10	0.203034177671712	0.291152458960606	0.203034177671712	0.302779191415776
