Pos	A	C	G	T
1	0.194319120531844	0.32685013357103	0.304753044580665	0.17407770131646
2	8.18832867354456e-05	0.99978436456909	1.75542292033711e-05	0.00011619791497156
3	0.914004606399881	0.0121561548312439	0.0214953280581465	0.0523439107107286
4	0.00439111812444973	0.658249403288018	0.047445604779658	0.289913873807875
5	0.119329538171041	0.0674838894304871	0.797824695801527	0.0153618765969443
6	0.11536643268414	0.313598477526483	0.0889534708735121	0.482081618915865
7	0.0545019117876684	0.0846255118490927	0.6706422124271	0.190230363936139
8	0.183465519569607	0.215298781661277	0.392299957726435	0.20893574104268
9	0.184653991748767	0.283860738048402	0.241890164865846	0.289595105336985
