Pos	A	C	G	T
1	0.13298699634104	0.13298699634104	0.403476565405992	0.330549443325644
2	0.0889914140476347	0.665008700901808	0.0889914140476347	0.157008472416639
3	0.928609242374742	0.0709685612291673	0.000211098904903321	0.000211098904903321
4	0.0709685612291673	0.56624355451469	0.000211098904903321	0.362576786764956
5	0.502828374014757	0.000211098904903321	0.496749429589153	0.000211098904903321
6	0.000211098904903321	0.0697052238304411	0.000211098904903321	0.929872579773468
7	0.150447517399091	0.000211098904903321	0.708097563270374	0.141243821839348
8	0.7337012233576	0.26587658024631	0.000211098904903321	0.000211098904903321
9	0.394950091086581	0.225189373721908	0.187981565241556	0.191878971363671
10	0.161219685210698	0.161219685210698	0.235874553657075	0.441686077335246
