Pos	A	C	G	T
1	0.18948416141972	0.207328696591754	0.443326021691849	0.159861120296677
2	0.24512147128805	0.242682471897495	0.416444787070109	0.0957512697443464
3	0.0199147002118548	0.96435372550835	0.00491090461121172	0.0108206696685841
4	0.886621514593136	0.0214863572894459	0.0464055093844766	0.0454866187329418
5	0.00432050789482478	0.947069956996131	0.0170027137447507	0.0316068213642939
6	0.122084329187687	0.0253990565355209	0.82444631564765	0.0280702986291429
7	0.160423257485057	0.522077310598861	0.0829149747238985	0.234584457192183
8	0.0229504447742836	0.0335600817119425	0.798981119929821	0.144508353583953
9	0.159517165401321	0.337697841761831	0.154802720688814	0.347982272148033
10	0.199575329752836	0.397896434933976	0.175246185184277	0.227282050128911
