Pos	A	C	G	T
1	0.383121499345363	0.221524715832725	0.243455684087651	0.151898100403036
2	0.665688421548325	0.168178093271311	0.118649182051303	0.0474843027978372
3	1.06698330292447e-05	0.999967990169688	1.06698330292447e-05	1.06698330292447e-05
4	0.999967990169688	1.06698330292447e-05	1.06698330292447e-05	1.06698330292447e-05
5	1.06698330292447e-05	1.06698330292447e-05	0.0879234494515829	0.912055210551133
6	0.912055210551133	0.0879234494515829	1.06698330292447e-05	1.06698330292447e-05
7	1.06698330292447e-05	1.06698330292447e-05	1.06698330292447e-05	0.999967990169688
8	1.06698330292447e-05	1.06698330292447e-05	0.999967990169688	1.06698330292447e-05
9	0.0981125693471867	0.0981125693471867	0.500295599421591	0.303479261552811
10	0.202526366952386	0.300826191069919	0.202526366952386	0.294121074694085
