Pos	A	C	G	T
1	0.412746305348411	0.175490730204434	0.236272236315342	0.175490730204434
2	0.41386903704225	0.220535558229873	0.298562699444881	0.0670327073556171
3	4.60188819061934e-05	0.999861945426903	4.60188819061934e-05	4.60188819061934e-05
4	0.999861945426903	4.60188819061934e-05	4.60188819061934e-05	4.60188819061934e-05
5	4.60188819061934e-05	4.60188819061934e-05	4.60188819061934e-05	0.999861945426903
6	0.999861945426903	4.60188819061934e-05	4.60188819061934e-05	4.60188819061934e-05
7	4.60188819061934e-05	4.60188819061934e-05	4.60188819061934e-05	0.999861945426903
8	4.60188819061934e-05	4.60188819061934e-05	0.999861945426903	4.60188819061934e-05
9	0.0745552891956276	0.134873560821641	0.651657608644628	0.138913543410725
10	0.183013312044444	0.272774825731717	0.183013312044444	0.361198552252014
