Pos	A	C	G	T
1	0.21348951773435	0.315319917368136	0.291076970067742	0.180113594829772
2	0.12091741081953	0.709888387547328	0.0740771973906141	0.0951170042425276
3	0.532339341130825	0.0925067065894536	0.246480071751811	0.12867388052791
4	0.0185935568795272	0.873768193571498	0.0291605018235511	0.078477747725424
5	0.214454151278708	0.0508101414148968	0.733696876382249	0.00103883092414654
6	0.0184679303566214	3.45978317408447e-05	0.0507055683237529	0.930791903487885
7	5.66438612688782e-05	6.98802888761704e-05	0.971681755248183	0.0281917206016722
8	0.357782708713957	0.270406354232784	0.190552137223365	0.181258799829893
9	0.215087389117284	0.284588536785444	0.15618550050265	0.344138573594622
10	0.253280278045734	0.348799303036663	0.182089203107463	0.215831215810139
