Pos	A	C	G	T
1	0.271089012562091	0.217554028510247	0.327814279359491	0.183542679568171
2	0.13435610747512	0.788785004956817	0.00163312244728954	0.0752257651207733
3	0.737513410833931	0.00329789462730664	0.226622190627627	0.0325665039111348
4	0.000380394310732265	0.857013005640804	0.0940148825401111	0.0485917175083526
5	0.176068927251905	0.000346759283080402	0.805026785056173	0.0185575284088413
6	0.140330747012176	0.0593826511275016	0.000774143606785956	0.799512458253537
7	0.105505579199996	0.0474067126169261	0.787421619215008	0.0596660889680697
8	0.187233486873211	0.327784516572482	0.221928760314073	0.263053236240234
9	0.292600551325091	0.223365260923417	0.246856790476771	0.237177397274721
