Pos	A	C	G	T
1	0.241036257092713	0.335273751401481	0.300349671179948	0.123340320325859
2	0.0798790147825727	0.889369846533302	0.00876277972769871	0.0219883589564268
3	0.848296336227904	0.0761899853538757	0.0457517493587141	0.0297619290595064
4	0.021618314642124	0.169616643973064	0.760169059248944	0.048595982135868
5	0.258214112829918	0.173086096010894	0.546639281081329	0.022060510077859
6	0.0264263518120947	0.0335944772858583	0.0107441528660617	0.929235018035985
7	0.0278341371179408	0.0148242332186942	0.903488354538881	0.0538532751244846
8	0.12462193579924	0.309601083212509	0.243540837881215	0.322236143107037
9	0.223232343764299	0.241824711083368	0.278164629068841	0.256778316083492
