Pos	A	C	G	T
1	0.273739882087653	0.108005086171331	0.524359920610792	0.0938951111302239
2	0.0203781254201525	0.967254882675599	0.00204308729265632	0.010323904611592
3	0.825043340722405	0.0116515115675559	0.146267321902281	0.0170378258077582
4	0.0127605681445373	0.903575618531822	0.0292640500581837	0.0543997632654571
5	0.0572751192046228	0.014848016834516	0.914032664826335	0.0138441991345258
6	0.0267881019666094	0.158849598340823	0.0116809327460858	0.802681366946481
7	0.0460200989640372	0.050354008819253	0.853271883397457	0.050354008819253
8	0.189179472447141	0.219795189104792	0.217608190432434	0.373417148015633
9	0.145700572441433	0.584965950850461	0.141394469761966	0.127939006946141
