Pos	A	C	G	T
1	0.183122290537672	0.183122290537672	0.270540616287216	0.363214808281001
2	0.645397210082929	0.0872744415321957	0.180053912496241	0.0872744415321957
3	0.000183917898902795	0.000183917898902795	0.000183917898902795	0.999448251946853
4	0.000183917898902795	0.000183917898902795	0.724688569058442	0.274943600787314
5	0.999448251946853	0.000183917898902795	0.000183917898902795	0.000183917898902795
6	0.000183917898902795	0.999448251946853	0.000183917898902795	0.000183917898902795
7	0.000183917898902795	0.000183917898902795	0.999448251946853	0.000183917898902795
8	0.000183917898902795	0.000183917898902795	0.000183917898902795	0.999448251946853
9	0.547965704982128	0.31791104311719	0.0670616287721209	0.0670616287721209
10	0.511271572310769	0.162909477777597	0.162909477777597	0.162909477777597
