Pos	A	C	G	T
1	0.160526814248337	0.733964744413751	0.0464539266092298	0.0590545147286828
2	0.0155222390554188	0.936616368110479	0.0413583267330866	0.00650306610101534
3	0.0238779980444408	0.882675336284918	0.0101042633755321	0.0833424022951086
4	0.488627467248508	0.478951995139846	0.0176652666237454	0.0147552709879008
5	0.0122012666514814	0.964432426756144	0.00656360352746103	0.0168027030649134
6	0.16757145020732	0.0279777577664235	0.686365186881286	0.118085605144971
7	0.0839439643406891	0.590015899432538	0.104600620634303	0.22143951559247
8	0.437023240691032	0.137000746708009	0.223628540978976	0.202347471621983
9	0.24458194815072	0.247040037594989	0.194328576379023	0.314049437875269
