Pos	A	C	G	T
1	0.270062952824227	0.270349616041741	0.189306889982544	0.270280541619142
2	0.0946467992555533	0.608681190626252	0.0946467992555533	0.202025211330298
3	0.0239317072278405	0.0239317072278405	0.0239317072278405	0.928204878784131
4	0.999867426312854	4.41913849336986e-05	4.41913849336986e-05	4.41913849336986e-05
5	0.999867426312854	4.41913849336986e-05	4.41913849336986e-05	4.41913849336986e-05
6	4.41913849336986e-05	4.41913849336986e-05	4.41913849336986e-05	0.999867426312854
7	4.41913849336986e-05	4.41913849336986e-05	4.41913849336986e-05	0.999867426312854
8	0.999867426312854	4.41913849336986e-05	4.41913849336986e-05	4.41913849336986e-05
9	0.665361509152098	0.0607373015193029	0.21316388827695	0.0607373015193029
10	0.155397392246294	0.266148551483858	0.233341168082519	0.345112888654982
11	0.226112484274007	0.226112484274007	0.226112484274007	0.321662547645634
