Pos	A	C	G	T
1	0.44934700777149	0.217468509967985	0.20207133751014	0.131113149150595
2	0.190650513160079	0.000108742766159338	0.000108742766159338	0.809132005707811
3	0.000108742766159338	0.190650513160079	0.809132005707811	0.000108742766159338
4	0.999673776101731	0.000108742766159338	0.000108742766159338	0.000108742766159338
5	0.000108742766159338	0.999673776101731	0.000108742766159338	0.000108742766159338
6	0.190650513160079	0.000108742766159338	0.377050062986118	0.432190685487853
7	0.000108742766159338	0.825139831163792	0.000108742766159338	0.174642687704098
8	0.901880483538913	0.0979020353289777	0.000108742766159338	0.000108742766159338
9	0.216788887278435	0.330349538957407	0.118995594715617	0.33386598344875
