Pos	A	C	G	T
1	0.227604592190308	0.227604592190308	0.227604592190308	0.317186220933306
2	0.317186220933306	0.227604592190308	0.227604592190308	0.227604592190308
3	0.225574838146101	0.0582772153320138	0.0582772153320138	0.657870728694099
4	0.193356652032733	0.039156067788803	0.121949598827197	0.645537678855494
5	0.8618488007944	0.0201450675462466	0.0201450675462466	0.0978610616173338
6	0.157740214671056	0.676007205759856	0.000185349861672472	0.166067227211642
7	0.600658384009265	0.000185349861672472	0.398970913771619	0.000185349861672472
8	0.000185349861672472	0.130426530661736	0.0766699400345159	0.792718176946303
9	0.779729135218893	0.0225807570474221	0.0225807570474221	0.175109348190491
10	0.779729135218893	0.0225807570474221	0.0986247580176478	0.0990653472202655
11	0.348231594816856	0.267952134875942	0.191908133905715	0.191908133905715
12	0.211029281448925	0.211029281448925	0.287073282419152	0.290868152187222
13	0.230040281691484	0.230040281691484	0.230040281691484	0.30987915242978
