Pos	A	C	G	T
1	0.182621329555938	0.170274999062977	0.119990763823637	0.527112907557447
2	0.0846799197457673	0.102399158878932	0.440926633760559	0.371994287614742
3	0.652786540930728	0.0874660034906309	0.126627560851737	0.133119894726904
4	0.06053201599944	0.69448628551892	0.0754275365896429	0.169554161891997
5	0.165189318110972	2.77947590377207e-05	0.834716543517982	6.63436120084805e-05
6	0.00031300519712528	0.140958358168743	0.0059802628099924	0.852748373824139
7	0.284882589022583	0.579448695743112	0.0610734432279134	0.0745952720063926
8	0.944252239862899	5.85999420514073e-06	0.0557230192847083	1.88808581870526e-05
9	0.0114585531388078	0.289668292574608	0.12135697995988	0.577516174326704
10	0.247321626579908	0.311279001657156	0.18139729423297	0.260002077529966
