Pos	A	C	G	T
1	0.209153519194562	0.198952981697422	0.276737256588529	0.315156242519487
2	0.393309268113293	0.153637548053928	0.37040471944283	0.0826484643899486
3	0.0679555457924986	0.0450987149664644	0.0590777133771261	0.827868025863911
4	0.0363845582729395	0.0491140164420015	0.161441760433165	0.753059664851894
5	0.64506642964841	0.0305496522847173	0.232607690646796	0.0917762274200768
6	0.0774795815374394	0.544579772322124	0.0573982857366378	0.320542360403799
7	0.252936617291133	0.164537569948381	0.479689458316863	0.102836354443624
8	0.17473163803114	0.252965040638698	0.129444381189589	0.442858940140573
9	0.368092518572512	0.244284692040869	0.225503192397998	0.162119596988621
10	0.440205301998316	0.171956444260243	0.197796992372534	0.190041261368907
