Pos	A	C	G	T
1	0.269058967925041	0.277253033397808	0.0718751486592978	0.381812850017853
2	0.228055633174722	0.111006593945673	0.555345034403986	0.105592738475619
3	0.168237957061693	0.490477491047044	0.322266675706185	0.0190178761850774
4	0.00021578947044821	0.0684804277781957	0.931268819300352	3.49634510037417e-05
5	0.000115044874879993	0.999811726826083	3.71633205742667e-05	3.60649784633111e-05
6	0.000235631991186113	1.07217161248155e-05	0.996765910175528	0.00298773611716078
7	0.000137924255703578	0.95236596913796	0.0276313053810715	0.0198648012252647
8	0.0358646026794184	0.734912034266848	0.121480142241901	0.107743220811833
9	0.458028789391665	0.139342097315676	0.15868673541159	0.243942377881069
10	0.420971786860448	0.174611903515723	0.133295146617106	0.271121163006723
