Pos	A	C	G	T
1	0.233789758954388	0.138992815615588	0.425992715086393	0.201224710343631
2	0.151778123085329	0.438087971200613	0.392454158871602	0.0176797468424558
3	0.0205532682009743	0.0485706755326816	0.839679242053868	0.0911968142124763
4	0.00689254812248498	0.992712251302603	3.08209953713155e-05	0.000364379579540227
5	0.0139216321673543	8.31959926398943e-05	0.985790542717704	0.000204629122301774
6	0.0132882781613811	0.979343358405474	0.00276456225402831	0.00460380117911659
7	0.0833845397765635	0.551953010904008	0.224407347870148	0.14025510144928
8	0.409275570340752	0.238504623377191	0.118437890869419	0.233781915412639
9	0.379446537106572	0.181039223072438	0.122573850543074	0.316940389277916
10	0.306627011118498	0.222656908876514	0.201468302539095	0.269247777465893
