Pos	A	C	G	T
1	0.311475288746691	0.15313501838315	0.204653847936505	0.330735844933654
2	0.228735633862272	0.115881358887448	0.296654125435522	0.358728881814758
3	0.104717154162541	0.257562638130543	0.420423671840193	0.217296535866723
4	0.0223531588115623	0.117562210512337	0.860030319885728	5.43107903724224e-05
5	0.000263766077241014	0.999552180241969	2.56633175521377e-05	0.000158390363237525
6	0.000152220313874617	1.33019946625674e-06	0.999818361866793	2.80876198662238e-05
7	0.000448363913954528	0.612684382888172	0.386777630804852	8.96223930221311e-05
8	0.088119797757967	0.206169207387189	0.560426009933758	0.145284984921086
9	0.142032916463358	0.356401832280758	0.191724383244058	0.309840868011826
10	0.291025438585604	0.187430981924751	0.215596947597027	0.305946631892618
