Pos	A	C	G	T
1	0.21834262906244	0.24814687416762	0.255000330110811	0.278510259760949
2	0.659121483339716	0.0956922122109454	0.220661270366746	0.0245253316631205
3	0.0622086819940571	0.0663584834695529	0.0322768605592993	0.839155675125915
4	0.313966082410424	0.108329309338288	0.566041794261921	0.0116626052477419
5	0.131187140249465	0.606243948927585	0.135603396998711	0.12696575321492
6	0.105993912721726	0.0411543137534781	0.704849292648492	0.148002570930994
7	0.0217731269537782	0.00360429153054669	0.959305309467096	0.0153170170956665
8	0.0168183563639658	0.000781066079174584	0.962310160263134	0.0200903544321148
9	0.0891867321531037	0.278864124635404	0.0539964818974724	0.577952499239992
10	0.364151339840232	0.187030015111061	0.224026508280466	0.224792092783346
