Pos	A	C	G	T
1	0.330280417112839	0.199404557950658	0.296477717165947	0.17383739632424
2	0.114208974313515	0.405276209921729	0.146145228744405	0.334369437681023
3	0.0627337216199889	0.13766921243837	0.0129338487560139	0.786663226326157
4	0.817357401784291	0.053480693270766	0.0663459211853933	0.0628156110055092
5	0.959931499288211	0.0119300758912702	0.0160045580908579	0.0121338727234126
6	0.0121338727234126	0.0160045580908579	0.0119300758912702	0.959931499288211
7	0.0628156110055092	0.0663459211853933	0.053480693270766	0.817357401784291
8	0.786663226326157	0.0129338487560139	0.13766921243837	0.0627337216199889
9	0.334369437681023	0.146145228744405	0.405276209921729	0.114208974313515
10	0.17383739632424	0.296477717165947	0.199404557950658	0.330280417112839
