Pos	A	C	G	T
1	0.29393099499664	0.205068696720125	0.134739735033133	0.366260573250101
2	0.15286538215446	0.0722084936108855	0.0327714490048517	0.742154675229803
3	0.482483607274542	0.0455562099055753	0.361024905295105	0.110935277524779
4	0.98024660371329	0.00022713838490036	0.00687439869573634	0.0126518592060734
5	0.0132348572919696	0.0203453839436908	0.0385846316271573	0.927835127137182
6	0.0745707973819728	0.0681525772389628	0.11349388677914	0.743782738599925
7	0.544051350020206	0.0260246362207464	0.379571747099158	0.0503522666598895
8	0.189386469260701	0.338251512330549	0.306062625069101	0.16629939333965
9	0.18183543289639	0.276746538297948	0.219884424062736	0.321533604742926
