Pos	A	C	G	T
1	0.317983755559689	0.227338747667233	0.227338747667233	0.227338747667233
2	0.296310367144381	0.29235891291316	0.205665359251924	0.205665359251924
3	0.0718003255500001	0.302020443549339	0.0718003255500001	0.554378903912049
4	0.000142752894496946	0.000142752894496946	0.000142752894496946	0.999571739877898
5	0.999571739877898	0.000142752894496946	0.000142752894496946	0.000142752894496946
6	0.999571739877898	0.000142752894496946	0.000142752894496946	0.000142752894496946
7	0.000142752894496946	0.000142752894496946	0.000142752894496946	0.999571739877898
8	0.000142752894496946	0.000142752894496946	0.000142752894496946	0.999571739877898
9	0.57298426372798	0.022804004867611	0.381407725098186	0.022804004867611
10	0.165830723664985	0.0444773932829201	0.745214488330563	0.0444773932829201
11	0.178342426984844	0.267148005532384	0.178342426984844	0.376167139059316
