Pos	A	C	G	T
1	0.259113134237917	0.247670626218485	0.283784744614637	0.209431590871108
2	0.176584766291898	0.304012240242814	0.182580382826596	0.336822634402205
3	0.185934328670967	0.201995092255251	0.0676709469348852	0.54439989438642
4	0.573081338007385	0.19959030904933	0.0576906071550057	0.169637809964178
5	0.814804011117186	0.062587496384467	0.0523412211015005	0.0702673596046269
6	0.0702673596046269	0.0523412211015005	0.062587496384467	0.814804011117186
7	0.169637809964178	0.0576906071550057	0.19959030904933	0.573081338007385
8	0.54439989438642	0.0676709469348852	0.201995092255251	0.185934328670967
9	0.336822634402205	0.182580382826596	0.304012240242814	0.176584766291898
10	0.209431590871108	0.283784744614637	0.247670626218485	0.259113134237917
