Pos	A	C	G	T
1	0.268156871651591	0.302346028510417	0.276323464202774	0.153173635635218
2	0.155818906354008	0.326586379616224	0.163807912517508	0.353786801512261
3	0.106375439889258	0.0638779813532106	0.027853948184632	0.8018926305729
4	0.865700442962676	0.0128525076558064	0.0682746772629444	0.0531723721185734
5	0.908282124634862	0.0352179198897591	0.0134846909868163	0.0430152644885629
6	0.0429202699377314	0.0813974712627173	0.0221833987965329	0.853498860003018
7	0.0678504894504428	0.0742402606923578	0.390452608044427	0.467456641812773
8	0.616195048296218	0.0319305601858665	0.274119337638703	0.077755053879213
9	0.180281550358858	0.374098749024973	0.236162422082411	0.209457278533758
10	0.188518457271096	0.323498966296204	0.1923267827271	0.2956557937056
