Pos	A	C	G	T
1	0.191779598430389	0.272148204598725	0.142073820879453	0.393998376091433
2	0.173245223335354	0.0548558078379123	0.0259120488495001	0.745986919977234
3	0.740235937644542	0.0482776620622545	0.0962519247509616	0.115234475542242
4	0.897021815287199	0.00875023172451462	0.032107196100609	0.0621207568876774
5	0.0483095054614607	0.0337043982867093	0.177261907365156	0.740724188886674
6	0.140466186254468	0.702725813533755	0.0537835034456102	0.103024496766167
7	0.0873532699256511	0.626382038627676	0.0798348775216812	0.206429813924991
8	0.206494135405436	0.34387286546902	0.223692426432409	0.225940572693136
9	0.208138367688687	0.289513835749305	0.204016951873374	0.298330844688634
