Pos	A	C	G	T
1	0.309702345340445	0.193945484515441	0.280095163028983	0.216257016322003
2	0.203113683081435	0.260004026770177	0.277135911370109	0.259746330107966
3	0.107811279521489	0.194476258750671	0.0577305599996698	0.639981978107497
4	0.701895750231801	0.0803473265273769	0.0950306484334779	0.122725987002747
5	0.827164752193848	0.0456085014468007	0.045660593579769	0.0815658071201921
6	0.0815658071201921	0.045660593579769	0.0456085014468007	0.827164752193848
7	0.122725987002747	0.0950306484334779	0.0803473265273769	0.701895750231801
8	0.639981978107497	0.0577305599996698	0.194476258750671	0.107811279521489
9	0.259746330107966	0.277135911370109	0.260004026770177	0.203113683081435
10	0.216257016322003	0.280095163028983	0.193945484515441	0.309702345340445
