Pos	A	C	G	T
1	0.324419242532102	0.228614376301452	0.290625831612699	0.156340549553747
2	0.167534449178239	0.334016033641059	0.187015031660601	0.311434485520102
3	0.101735417993946	0.2552837066487	0.0575339668978453	0.585446908459509
4	0.70759770535539	0.119327966078512	0.110153596069632	0.0629207324964656
5	0.953576748141111	0.0171195299381245	0.0222028334453542	0.00710088847541052
6	0.0211260348691341	0.0271263657246544	0.0167853445918361	0.934962254814375
7	0.0473909646449779	0.336443957836612	0.061462767881487	0.554702309636923
8	0.75724413361014	0.0257822353768484	0.0700833819101058	0.146890249102906
9	0.365582174125192	0.156255280097816	0.245057059805962	0.23310548597103
