Pos	A	C	G	T
1	0.317573181529393	0.227475604970418	0.227475604970418	0.227475604970418
2	0.181745702974323	0.181745702974323	0.181745702974323	0.454762887517676
3	0.342531680626655	0.249372878286812	0.248892126323685	0.159203311203494
4	0.0780374225585187	0.187514062906299	0.190843886031663	0.543604624944164
5	0.0274598422825615	0.0274598422825615	0.0274598422825615	0.917620469592961
6	0.999432069436683	0.000189309001321188	0.000189309001321188	0.000189309001321188
7	0.999432069436683	0.000189309001321188	0.000189309001321188	0.000189309001321188
8	0.212102903082997	0.0898781241215135	0.000189309001321188	0.697829660234813
9	0.20563331112544	0.234627297222742	0.0227137031410655	0.537025684951398
10	0.290726708958083	0.0684436051371593	0.572386077208243	0.0684436051371593
11	0.090985996907989	0.203792460381134	0.505153409118574	0.200068130032949
12	0.172151885552964	0.172151885552964	0.172151885552964	0.483544339781753
13	0.222729465828921	0.222729465828921	0.222729465828921	0.331811598953882
