Pos	A	C	G	T
1	0.230244483209502	0.262208952577134	0.177530373909004	0.33001619030436
2	0.118360102086764	0.140292803202187	0.0108452987422966	0.730501795968753
3	0.712071936559543	0.122508319394014	0.126239253165948	0.0391804908804957
4	0.797834145986722	0.068162921170747	0.0363030129520816	0.0976999198904498
5	0.0649605063339801	0.0921833464732893	0.0191783011324006	0.82367784606033
6	0.172656046252479	0.0541252845565829	0.317761608679824	0.455457060511114
7	0.451274199259571	0.126732065271985	0.24034493855717	0.181648796911274
8	0.354703619930585	0.183329039330593	0.317755610652967	0.144211730085855
9	0.192497235115753	0.304929862306544	0.237479615556218	0.265093287021485
