Pos	A	C	G	T
1	0.190938170864885	0.299450660019846	0.296471076169228	0.21314009294604
2	0.214260146102941	0.336026797972611	0.123617350677669	0.326095705246779
3	0.109513365005089	0.048717903788395	0.0244357346781688	0.817332996528347
4	0.786723014265066	0.0262555195541446	0.0953806984298233	0.0916407677509658
5	0.978888847074854	0.00221758352305634	0.0151260451080463	0.00376752429404335
6	0.0158205902998836	0.00570482481367196	0.131803512877521	0.846671072008923
7	0.0840330031340522	0.838160505159505	0.0312247052464166	0.0465817864600266
8	0.043032326944345	0.653244589665311	0.0681663896210188	0.235556693769325
9	0.149159134942155	0.312627928197452	0.356029558043414	0.18218337881698
10	0.222629353032359	0.3354618686141	0.205512794972428	0.236395983381113
