Pos	A	C	G	T
1	0.371512094417765	0.190105925486523	0.269773149637268	0.168608830458444
2	0.377943331056336	0.201289519387255	0.315684806042502	0.105082343513906
3	0.276907247828572	0.309105488296413	0.413097071238631	0.000890192636384723
4	0.000797675406531061	0.141733208368731	3.31718543724562e-05	0.857435944370366
5	0.830278091708432	6.59908420447631e-05	0.147195361642449	0.0224605558070748
6	2.57885096118753e-06	0.788071368353885	0.210521683002784	0.00140436979236987
7	0.165124309443927	0.0566390445823834	0.000258385811381534	0.777978260162308
8	0.165251943934843	0.119997539969327	0.0512887403873665	0.663461775708464
9	0.653553381318188	0.0422001685644452	0.217549022334342	0.086697427783025
10	0.470080353242251	0.11945068933553	0.194981297671103	0.215487659751115
