Pos	A	C	G	T
1	0.301330042987055	0.289595699225251	0.204537128068076	0.204537128068076
2	0.183972238490252	0.487872538246377	0.0997906093815236	0.228364612230305
3	0.020817002526788	0.020817002526788	0.020817002526788	0.937548990768091
4	0.999772318305034	7.58933478069031e-05	7.58933478069031e-05	7.58933478069031e-05
5	0.999772318305034	7.58933478069031e-05	7.58933478069031e-05	7.58933478069031e-05
6	7.58933478069031e-05	7.58933478069031e-05	7.58933478069031e-05	0.999772318305034
7	7.58933478069031e-05	7.58933478069031e-05	7.58933478069031e-05	0.999772318305034
8	0.999772318305034	7.58933478069031e-05	7.58933478069031e-05	7.58933478069031e-05
9	0.678846617559654	0.0455387648668457	0.145894221946382	0.129720393975575
10	0.244306877289933	0.260679871078329	0.150285283553398	0.344727966426797
11	0.229258890408133	0.229258890408133	0.229258890408133	0.312223327124057
