Pos	A	C	G	T
1	0.233259508311036	0.287402823514744	0.231711425175475	0.247626121017296
2	0.264280230773999	0.215809407620446	0.292323684895925	0.227586695510567
3	0.191301069659789	0.282185848150553	0.142676727661429	0.383836491795879
4	0.36312455608023	0.174334428559768	0.241980021387406	0.220561001922243
5	0.560708780755578	0.18510665106143	0.142376212874955	0.111808293392406
6	0.111808293392406	0.142376212874955	0.18510665106143	0.560708780755578
7	0.220561001922243	0.241980021387406	0.174334428559768	0.36312455608023
8	0.383836491795879	0.142676727661429	0.282185848150553	0.191301069659789
9	0.227586695510567	0.292323684895925	0.215809407620446	0.264280230773999
10	0.247626121017296	0.231711425175475	0.287402823514744	0.233259508311036
