Pos	A	C	G	T
1	0.309588926963154	0.187775176126543	0.322223490751734	0.180412406158569
2	0.568943278767129	0.123196512564628	0.215676746658882	0.0921834620093609
3	0.130705167055846	0.396606320777679	0.172939903149957	0.299748609016518
4	0.0926371541438888	0.764093599027684	0.0194664076241447	0.123802839204283
5	0.0238321638112877	0.000517387116305282	0.973634608855886	0.00201584021652081
6	0.958271501715141	0.00347339028196353	0.0342995125635181	0.00395559543937714
7	0.563959082917846	0.000524652941933425	0.0177250997745616	0.417791164365658
8	0.988139737695907	0.000919269564276176	0.0106528144348543	0.000288178304963007
9	0.0158195083882949	0.872396380876155	0.0874654524485744	0.0243186582869755
10	0.0377637625514783	0.358292603139256	0.0586360667074715	0.545307567601795
