Pos	A	C	G	T
1	0.492798684375344	0.169067103746964	0.169067103746964	0.169067103746964
2	0.255084147590249	0.287645297061078	0.0757382990843255	0.381532251880585
3	0.000112288884265082	0.999663128963442	0.000112288884265082	0.000112288884265082
4	0.000112288884265082	0.000112288884265082	0.999663128963442	0.000112288884265082
5	0.999663128963442	0.000112288884265082	0.000112288884265082	0.000112288884265082
6	0.999663128963442	0.000112288884265082	0.000112288884265082	0.000112288884265082
7	0.999663128963442	0.000112288884265082	0.000112288884265082	0.000112288884265082
8	0.000112288884265082	0.999663128963442	0.000112288884265082	0.000112288884265082
9	0.08104518404136	0.257211116850753	0.08104518404136	0.580698510682765
10	0.39370137196366	0.174373988703999	0.25755064624458	0.174373988703999
