Pos	A	C	G	T
1	0.273579019467412	0.226238669011104	0.206766574926646	0.293415736594837
2	0.192522543399035	0.293011909622469	0.221453637356028	0.293011909622469
3	0.174507677466263	0.60909164293882	0.088408554712815	0.127992124882101
4	0.0758833067216217	0.698682711921262	0.0424869394871788	0.182947041869937
5	0.367466514283411	0.205743901134916	0.225119685647591	0.201669898934082
6	0.870969440285389	0.0076875865473066	0.0484051828150291	0.0729377903522748
7	0.891159999370057	0.00657006670218536	0.0189636499233486	0.0833062840044087
8	0.501912566590694	0.135426077047644	0.0228380027320337	0.339823353629628
9	0.268146786163714	0.204697758039042	0.142812779792338	0.384342676004907
10	0.248099374457605	0.245630744435439	0.171370755358228	0.334899125748728
