Pos	A	C	G	T
1	0.191740938595516	0.349374768984011	0.207710479121574	0.251173813298899
2	0.226395582450257	0.181686710698745	0.233290354401732	0.358627352449266
3	0.329541127095393	0.275255886906045	0.165289943143365	0.229913042855198
4	0.712174809088715	0.0907695067090196	0.0805053305325961	0.116550353669669
5	0.0895542891232745	0.016360093135774	0.0612427223647833	0.832842895376168
6	0.00109512182184417	0.0865624058881259	0.0489532425694819	0.863389229720548
7	0.763216106639636	0.014261180915002	0.0788495198817031	0.143673192563659
8	0.309285765261033	0.182047138499711	0.211508599294305	0.297158496944952
9	0.252481827922354	0.279035573557653	0.233070102523851	0.235412495996142
