Pos	A	C	G	T
1	0.354630729095516	0.215094410090838	0.219439605406196	0.21083525540745
2	0.330282142728686	0.212713729166459	0.20233955818012	0.254664569924734
3	0.214610474276145	0.210360902163921	0.307607505434043	0.267421118125891
4	0.286585940644194	0.236994861283071	0.241782475059627	0.234636723013108
5	0.124300317660495	0.0220365084819473	0.0710014680936763	0.782661705763881
6	0.0892949090833405	0.000287062441145794	0.0374102405058889	0.873007787969625
7	0.0776353013947099	0.814050365551413	0.0434678784429683	0.0648464546109083
8	0.032211299818871	0.433684502337759	0.153287817871166	0.380816379972204
9	0.614435354346328	0.0848346207798118	0.18506437236084	0.11566565251302
10	0.16111953781265	0.302519748691028	0.140070597084388	0.396290116411934
