Pos	A	C	G	T
1	0.22703136831516	0.22703136831516	0.22703136831516	0.318905897558066
2	0.435617577949321	0.147409754209995	0.269562916134236	0.147409754209995
3	0.161921986935102	0.0700474576921971	0.0700474576921971	0.697983100184049
4	0.810230413598221	0.0920629144544173	0.000188385211512228	0.0975182892393957
5	0.798926702478921	0.000188385211512228	0.000188385211512228	0.200696529601599
6	0.200696529601599	0.000188385211512228	0.000188385211512228	0.798926702478921
7	0.308777157065643	0.000188385211512228	0.000188385211512228	0.69084607501488
8	0.79634405229366	0.000188385211512228	0.000188385211512228	0.20327917978686
9	0.707617803044925	0.14531017944648	0.0231570175222385	0.123915002489903
10	0.102778631627404	0.102778631627404	0.102778631627404	0.691664107621333
11	0.370463491516581	0.180140928145201	0.180140928145201	0.269254654696561
