Pos	A	C	G	T
1	0.418770577184318	0.203837523198911	0.275151875990588	0.102240023626184
2	0.170042324827465	0.397838989919648	0.195595230941178	0.236523454311708
3	0.144817157767452	0.668791241300176	0.0458544369950476	0.140537163937325
4	0.0681464510795669	0.0111524486310031	0.899338129595608	0.0213629706938216
5	0.809903455571374	0.0626093764441436	0.087962892576838	0.0395242754076447
6	0.554802885489062	0.0112302708853427	0.184677837765871	0.249289005859724
7	0.98412629388251	0.00035763378524018	1.89555091663484e-06	0.0155141767813329
8	0.0698698045978065	0.710972375137715	0.171851988738574	0.047305831525904
9	0.129783565960629	0.374603519605447	0.121009394828477	0.374603519605447
10	0.308092834025513	0.200417190567231	0.293066969205358	0.198423006201898
