Pos	A	C	G	T
1	0.346955694978825	0.22167111273981	0.130705536580836	0.30066764943883
2	0.153581919027093	0.0518847475189646	0.742648579673279	0.0518847475189646
3	0.906496979313995	0.0932361924992968	0.000133410962504195	0.000133410962504195
4	0.000133410962504195	0.0850933133816709	0.914639858431622	0.000133410962504195
5	0.000133410962504195	0.000133410962504195	0.999599760850788	0.000133410962504195
6	0.000133410962504195	0.000133410962504195	0.000133410962504195	0.999599760850788
7	0.000133410962504195	0.999599760850788	0.000133410962504195	0.000133410962504195
8	0.999599760850788	0.000133410962504195	0.000133410962504195	0.000133410962504195
9	0.433348530085373	0.119427872816244	0.32779571802044	0.119427872816244
10	0.198248661878115	0.198248661878115	0.198248661878115	0.405254008103957
