Pos	A	C	G	T
1	0.217038985568235	0.217038985568235	0.348883042351877	0.217038985568235
2	0.142385666196784	0.255945002082857	0.241672976604455	0.359996354172488
3	0.109559676305244	0.836435548548542	0.0270023871013983	0.0270023871013983
4	0.000114727434576394	0.785254470765366	0.000114727434576394	0.214516073422064
5	0.999655816752853	0.000114727434576394	0.000114727434576394	0.000114727434576394
6	0.000114727434576394	0.000114727434576394	0.999655816752853	0.000114727434576394
7	0.917098527549008	0.000114727434576394	0.000114727434576394	0.0826720166384219
8	0.0826720166384219	0.917098527549008	0.000114727434576394	0.000114727434576394
9	0.900772774165122	0.0330757416304868	0.0330757416304868	0.0330757416304868
10	0.19919878714923	0.299748372604075	0.228295483672275	0.272757355631001
11	0.223112340097323	0.223112340097323	0.223112340097323	0.330662978764612
