Pos	A	C	G	T
1	0.146384709939791	0.0411094555047658	0.801302200933618	0.0112036336218254
2	0.0540323470979567	0.0847395883579203	0.119054680481975	0.742173384062148
3	0.252056060734666	0.259732310593184	0.0556816988356216	0.432529929836528
4	0.251560030543736	0.0578400620907139	0.462978978843466	0.227620928522085
5	0.0619071545571529	0.636278114765142	0.0835659178267081	0.218248812850997
6	0.0678312353797378	0.49622169239288	0.137968139809054	0.297978932418328
7	0.411290804693476	0.175791831324433	0.214712627634437	0.198204736347654
8	0.254957703832505	0.159349143224112	0.340732483668931	0.244960669274452
9	0.122927781974422	0.139993647208539	0.653013004599268	0.0840655662177718
10	0.170067198698632	0.256260279645677	0.401896119194892	0.171776402460799
