Pos	A	C	G	T
1	0.15640113794253	0.257861882865781	0.204879930749599	0.38085704844209
2	0.148212559025882	0.214572452016193	0.326571022840307	0.310643966117618
3	0.784093398273603	0.0663224295646947	0.100940188065531	0.0486439840961716
4	0.00314525237841083	0.978376077529817	0.0035109762560134	0.0149676938357587
5	0.000146197288414401	0.000168166910323083	0.979656225264355	0.0200294105369072
6	0.00275005862056635	0.347798130678568	0.00292011274842988	0.646531697952436
7	0.700106936218664	0.17437934845434	0.125365452231208	0.000148263095787817
8	0.381129631451389	0.312042550189068	0.153413909179772	0.153413909179772
9	0.265462837923927	0.228485982051344	0.299308513964488	0.20674266606024
