Pos	A	C	G	T
1	0.222713377879563	0.25363231606978	0.277517957755928	0.246136348294729
2	0.140039185377638	0.276420229624868	0.317958947604067	0.265581637393427
3	0.166052743563406	0.245256712998517	0.273774690347985	0.314915853090092
4	0.354300654905342	0.0927720918831299	0.419954285073228	0.132972968138301
5	0.263113584060561	0.226463960512447	0.279383619445208	0.231038835981784
6	0.0947662345497909	0.249988063323527	0.317797113077647	0.337448589049035
7	0.0398867973296408	0.710554303544465	0.137833353889704	0.11172554523619
8	0.631271759695951	0.0181330538320346	0.244138686461903	0.106456500010111
9	0.160582518352788	0.307602370296874	0.188445330973147	0.343369780377191
10	0.177495814861914	0.24200225162342	0.30764515673967	0.272856776774996
