Pos	A	C	G	T
1	0.178514055155929	0.255869446151885	0.220228873231968	0.345387625460218
2	0.135696882415964	0.237560800399076	0.361558405303741	0.265183911881219
3	0.701455235354411	0.0997988924024123	0.138817078580006	0.059928793663171
4	0.00555908419506609	0.968194871652988	0.000315194106780004	0.0259308500451654
5	0.000389080912198405	0.000385209492437656	0.998278247129461	0.000947462465902846
6	0.024618714638425	0.425602967659442	0.045309055413535	0.504469262288598
7	0.418795269283712	0.190068053278642	0.149512826213722	0.241623851223924
8	0.255300597427917	0.318124133748165	0.217552818423441	0.209022450400477
9	0.26064393015975	0.245465209320949	0.258050479722826	0.235840380796476
