Pos	A	C	G	T
1	0.124102787559708	0.344161200594673	0.320893776489678	0.210842235355941
2	0.0560631804084435	0.000438883743207114	0.940563605469776	0.00293433037857366
3	0.0134074989792239	0.0264647636769534	0.0295420353319108	0.930585702011912
4	0.224224196687225	0.187287792176154	0.0144782341686354	0.574009776967985
5	0.251727305120051	0.0257477277227582	0.577290946187097	0.145234020970094
6	0.0404187137278923	0.705772458160634	0.0433494011484241	0.21045942696305
7	0.0141831201271175	0.388406524047082	0.0731163884474286	0.524293967378372
8	0.77752712786829	0.0533097123512935	0.0942658078631285	0.0748973519172877
9	0.350278909051304	0.118953150263308	0.28393056538268	0.246837375302708
10	0.0857225240238638	0.150072065450358	0.67933583986725	0.0848695706585287
