Pos	A	C	G	T
1	0.255660301539678	0.274197765019984	0.209316951218794	0.260824982221543
2	0.207493577606624	0.261151418825856	0.297406648097852	0.233948355469668
3	0.273267760395763	0.217120418123697	0.252257936565204	0.257353884915336
4	0.175594150473227	0.206061644457336	0.431891918739269	0.186452286330168
5	0.603472723968844	0.0569800293127277	0.0867214140458435	0.252825832672585
6	0.1431838864378	0.33499972910264	0.173145057060356	0.348671327399204
7	0.150013882402912	0.555977507305268	0.0874203278101059	0.206588282481715
8	0.717193548924033	0.0062049399919124	0.156858754435395	0.11974275664866
9	0.312507330295828	0.266301180525198	0.205331947554331	0.215859541624643
