Pos	A	C	G	T
1	0.971153846153846	0.00961538461538462	0.00961538461538462	0.00961538461538462
2	0.00961538461538462	0.971153846153846	0.00961538461538462	0.00961538461538462
3	0.00961538461538462	0.971153846153846	0.00961538461538462	0.00961538461538462
4	0.00490196078431373	0.00490196078431373	0.985294117647059	0.00490196078431373
5	0.00490196078431373	0.00490196078431373	0.00490196078431373	0.985294117647059
6	0.00490196078431373	0.00490196078431373	0.985294117647059	0.00490196078431373
7	0.985294117647059	0.00490196078431373	0.00490196078431373	0.00490196078431373
8	0.00490196078431373	0.495098039215686	0.00490196078431373	0.495098039215686
9	0.00961538461538462	0.971153846153846	0.00961538461538462	0.00961538461538462
10	0.971153846153846	0.00961538461538462	0.00961538461538462	0.00961538461538462
11	0.00961538461538462	0.971153846153846	0.00961538461538462	0.00961538461538462
