Pos	A	C	G	T
1	0.411580221100895	0.20145169496813	0.173835310556878	0.213132713359024
2	0.35011477726866	0.152248345560056	0.19260907316523	0.305027831744899
3	0.209093966440063	0.107967251531881	0.0864454367115445	0.596493572185266
4	0.128158315591989	0.123651103756184	0.145365504721253	0.602825079452345
5	0.172003077150787	0.279927839461856	0.0799936946759149	0.468075147644627
6	0.468075147644627	0.0799936946759149	0.279927839461856	0.172003077150787
7	0.602825079452345	0.145365504721253	0.123651103756184	0.128158315591989
8	0.596493572185266	0.0864454367115445	0.107967251531881	0.209093966440063
9	0.305027831744899	0.19260907316523	0.152248345560056	0.35011477726866
10	0.213132713359024	0.173835310556878	0.20145169496813	0.411580221100895
