Pos	A	C	G	T
1	0.329088144420444	0.211944750769183	0.207747963518986	0.251219141291387
2	0.34106409296307	0.190961228562838	0.215308183973966	0.252666494500126
3	0.38026464672866	0.141297479167725	0.226075146166668	0.252362727936947
4	0.182256169166916	0.140528908264804	0.140528908264804	0.536686014303475
5	0.184767760800759	0.106601724568326	0.125098282644026	0.583532231986889
6	0.0708535344601774	0.464338982440781	0.0995455025170252	0.365261980582016
7	0.678506734031178	0.0074625292989423	0.257210394152286	0.0568203425175937
8	0.77346947008814	0.0362662007941994	0.0791137111971137	0.111150617920547
9	0.727566968696907	0.0640526914419187	0.109914858045718	0.098465481815456
10	0.299482704613389	0.260357755621313	0.105853564129871	0.334305975635427
