Pos	A	C	G	T
1	0.046511627907	0.093023255814	0.093023255814	0.767441860465
2	0.046511627907	0.046511627907	0.0	0.906976744186
3	0.0930232558139535	0.604651162790698	0.0232558139534884	0.279069767441861
4	0.906976744186	0.046511627907	0.0232558139535	0.0232558139535
5	0.0697674418605	0.790697674419	0.0232558139535	0.116279069767
6	0.0232558139535	0.0	0.953488372093	0.0232558139535
7	0.0232558139535	0.860465116279	0.093023255814	0.0232558139535
8	0.488372093023	0.046511627907	0.046511627907	0.418604651163
9	0.0232558139535	0.093023255814	0.0232558139535	0.860465116279
10	0.046511627907	0.325581395349	0.581395348837	0.046511627907
11	0.837209302325581	0.0	0.13953488372093	0.0232558139534884
12	0.255813953488256	0.255813953488256	0.302325581395302	0.186046511628186
13	0.0232558139535	0.116279069767	0.0697674418605	0.790697674419
14	0.0232558139535116	0.0	0.395348837209198	0.581395348837291
