Pos	A	C	G	T
1	0.037037037037037	0.37037037037037	0.259259259259259	0.333333333333333
2	0.37037037037037	0.259259259259259	0.185185185185185	0.185185185185185
3	0.629629629629937	0.148148148147985	0.0740740740740926	0.148148148147985
4	0.464285714286464	0.178571428571179	0.178571428571179	0.178571428571179
5	0.136363636364	0.5	0.363636363636	0.0
6	0.259259259259	0.0	0.740740740741	0.0
7	0.0	0.0	0.0	1.0
8	1.0	0.0	0.0	0.0
9	1.0	0.0	0.0	0.0
10	1.0	0.0	0.0	0.0
11	0.0	0.925925925925908	0.0	0.0740740740740926
12	1.0	0.0	0.0	0.0
13	0.592592592592941	0.148148148147985	0.0740740740740926	0.185185185184981
14	0.259259259259259	0.148148148148148	0.222222222222222	0.37037037037037
