Pos	A	C	G	T
1	0.066275353769644	0.0978874246190949	0.044425698192897	0.791411523418364
2	0.0503716621154802	0.0369449422604914	0.317167097683076	0.595516297940953
3	0.391653242053431	0.030888281180349	0.293059852166964	0.284398624599257
4	0.0638094238065665	0.682594437608742	0.0638094238065665	0.189786714778125
5	0.0718376269776548	0.0491269808225631	0.82419602084072	0.054839371359062
6	0.147245346056835	0.597109322306538	0.00548545594934268	0.250159875687285
7	0.892490909264748	0.102926622173872	0.00165535639319524	0.00292711216818558
8	0.989602170539453	0.000948667429964447	0.00540488414082292	0.00404427788975902
9	0.0163677704447615	0.280146921164004	0.122157865055862	0.581327443335372
10	0.335171873664268	0.279959081783176	0.189548220911977	0.19532082364058
