Pos	A	C	G	T
1	0.333333333333333	0.111111111111111	0.111111111111111	0.444444444444444
2	0.277777777777833	0.0555555555555667	0.0	0.6666666666666
3	0.0555555555555889	0.0	0.0555555555555889	0.888888888888822
4	0.0	0.0	1.0	0.0
5	0.944444444444378	0.0555555555556222	0.0	0.0
6	0.0555555555556222	0.0	0.0	0.944444444444378
7	0.0	0.0	0.0555555555556222	0.944444444444378
8	0.0	0.0	1.0	0.0
9	0.888888888888822	0.0	0.0555555555555889	0.0555555555555889
10	0.0	0.0555555555555889	0.0555555555555889	0.888888888888822
11	0.166666666666833	0.166666666666833	0.4999999999995	0.166666666666833
12	0.277777777778	0.111111111111	0.333333333333	0.277777777778
