Pos	A	C	G	T
1	0.323076923077	0.169230769231	0.230769230769	0.276923076923
2	0.184615384615055	0.0923076923077277	0.138461538462042	0.584615384615175
3	0.0615384615384938	0.0153846153845985	0.138461538461986	0.784615384614922
4	0.323076923076968	0.0769230769230923	0.338461538461966	0.261538461537974
5	0.0	1.0	0.0	0.0
6	0.0153846153845969	0.969230769230806	0.0153846153845969	0.0
7	0.461538461538138	0.0923076923077277	0.107692307692032	0.338461538462102
8	0.476923076922762	0.0615384615384692	0.123076923076938	0.338461538461831
9	0.646153846153871	0.0153846153845969	0.0153846153845969	0.323076923076935
10	0.4	0.0461538461538	0.0307692307692	0.523076923077
11	0.215384615384785	0.215384615384785	0.138461538461862	0.430769230768569
12	0.230769230769	0.123076923077	0.430769230769	0.215384615385
13	0.107692307692086	0.0	0.861538461538689	0.0307692307692246
14	0.0615384615385246	0.0	0.861538461538345	0.0769230769231308
15	0.40000000000008	0.0923076923077185	0.0769230769231154	0.430769230769086
16	0.738461538461779	0.153846153845954	0.0615384615384815	0.0461538461537862
17	0.5999999999994	0.138461538461862	0.123076923076877	0.138461538461862
18	0.276923076923	0.230769230769	0.292307692308	0.2
