Pos	A	C	G	T
1	0.0434782608696174	0.0	0.0	0.956521739130383
2	0.0	0.0	0.0869565217390913	0.913043478260909
3	0.956521739130383	0.0	0.0	0.0434782608696174
4	0.0	0.347826086957	0.0	0.652173913043
5	0.0869565217390913	0.0	0.913043478260909	0.0
6	0.0	0.0	0.0	1.0
7	1.0	0.0	0.0	0.0
8	0.956521739130383	0.0	0.0434782608696174	0.0
9	0.0	0.478260869565	0.173913043478	0.347826086957
10	0.304347826087	0.217391304348	0.304347826087	0.173913043478
11	0.217391304347783	0.217391304347783	0.13043478260887	0.434782608695565
