Pos	A	C	G	T
1	0.16981132075483	0.377358490565623	0.16981132075483	0.283018867924717
2	0.528301886792211	0.301886792453121	0.132075471698053	0.0377358490566151
3	1.0	0.0	0.0	0.0
4	1.0	0.0	0.0	0.0
5	0.0188679245283075	0.0	0.0188679245283075	0.962264150943385
6	0.0188679245282943	0.981132075471706	0.0	0.0
7	0.584905660377234	0.132075471698053	0.0377358490566151	0.245283018868098
8	0.150943396226151	0.528301886792528	0.207547169811208	0.113207547170113
9	0.358490566038143	0.207547169811083	0.0377358490566151	0.396226415094159
10	0.132075471698066	0.245283018868123	0.528301886792264	0.0943396226415472
