Pos	A	C	G	T
1	0.361969483267086	0.272214386459803	0.130016668803693	0.235799461469419
2	0.438902423387614	0.16938068983203	0.364405693037569	0.0273111937427875
3	0.0	1.0	0.0	0.0
4	0.996932123226384	0.000639140994503387	0.0	0.00242873577911287
5	0.0	0.832603821928045	0.13355396605103	0.0338422120209245
6	0.0	0.943731848983543	0.0562681510164569	0.0
7	0.00545408422120751	0.00443937087772704	0.000887874175545408	0.98921867072552
8	0.00343861436576668	0.00267447784004075	0.993250127356088	0.000636780438104941
9	0.0324400564174894	0.386459802538787	0.253622259264008	0.327477881779715
10	0.264905757148352	0.178612642646493	0.268367739453776	0.288113860751378
