Pos	A	C	G	T
1	0.107142857143	0.285714285714	0.5	0.107142857143
2	0.107142857143	0.0	0.0	0.892857142857
3	0.678571428571	0.0	0.321428571429	0.0
4	0.0	0.0357142857142893	0.964285714285711	0.0
5	0.0357142857143143	0.0	0.928571428571371	0.0357142857143143
6	0.0	0.0357142857142893	0.142857142856957	0.821428571428754
7	0.0714285714285571	0.821428571428507	0.107142857142936	0.0
8	0.928571428571371	0.0357142857143143	0.0	0.0357142857143143
9	0.178571428571179	0.535714285714536	0.142857142857143	0.142857142857143
10	0.178571428571	0.25	0.357142857143	0.214285714286
11	0.142857142857057	0.0714285714286286	0.642857142857257	0.142857142857057
12	0.0357142857143036	0.0	0.0714285714286071	0.892857142857089
13	0.0714285714286071	0.178571428571018	0.714285714286071	0.0357142857143036
14	0.78571428571455	0.178571428571125	0.0	0.035714285714325
15	0.0357142857142893	0.964285714285711	0.0	0.0
16	0.0	0.892857142857	0.0	0.107142857143
17	0.107142857143	0.428571428571	0.0	0.464285714286
18	0.78571428571455	0.178571428571125	0.0	0.035714285714325
19	0.178571428571179	0.428571428571429	0.214285714286214	0.178571428571179
20	0.249999999999925	0.0	0.0357142857142893	0.714285714285786
