Pos	A	C	G	T
1	0.00910010111223	0.0010111223458	0.986855409505	0.00303336703741
2	0.0	0.00102354145343	0.0	0.998976458547
3	0.00396432111001	0.0287413280476	0.0	0.967294350842
4	0.364815775817	0.0181629475869	0.506486766995	0.1105345096
5	0.0	0.730538922156	0.00374251497006	0.265718562874
6	0.000692041522491	0.675432525952	0.00138408304498	0.322491349481
7	0.976976976977	0.00500500500501	0.003003003003	0.015015015015
8	0.0199600798403	0.00299401197605	0.00299401197605	0.974051896208
9	0.174389216512	0.000842459983151	0.822240943555	0.00252737994945
10	0.120179372197	0.00448430493274	0.87533632287	0.0
