Pos	A	C	G	T
1	0.0763888888889	0.0444444444444	0.8375	0.0416666666667
2	0.101763907734	0.0162822252374	0.818181818182	0.0637720488467
3	0.80292942743	0.0199733688415	0.109187749667	0.0679094540613
4	0.84217877095	0.0139664804469	0.0405027932961	0.103351955307
5	0.26651216686	0.225955967555	0.158169177289	0.349362688297
6	0.234709480122	0.0711009174312	0.233180428135	0.461009174312
7	0.00651465798046	0.00977198697068	0.00162866449511	0.982084690554
8	0.00455235204856	0.0698027314112	0.01062215478	0.91502276176
9	0.00644122383253	0.971014492754	0.00322061191626	0.0193236714976
10	0.0	0.969453376206	0.0112540192926	0.0192926045016
