Pos	A	C	G	T
1	0.00168255748738	0.000560852495794	0.992148065059	0.00560852495794
2	0.99774393683	0.000564015792442	0.00112803158488	0.000564015792442
3	0.990481522956	0.000559910414334	0.00111982082867	0.00783874580067
4	0.0868038133467	0.196688409433	0.27270446563	0.443803311591
5	0.129464285714	0.0965909090909	0.717938311688	0.0560064935065
6	0.0	0.00225098480585	0.00225098480585	0.995498030388
7	0.00662251655629	0.00165562913907	0.0154525386313	0.976269315673
8	0.00168539325843	0.993820224719	0.00337078651685	0.00112359550562
9	0.000467071461934	0.0326950023354	0.140588510042	0.826249416161
10	0.610631687953	0.0500517777011	0.337590610977	0.001725923369
11	0.00111982082867	0.00111982082867	0.990481522956	0.00727883538634
12	0.983324068927	0.00222345747638	0.00166759310728	0.0127848804892
