Pos	A	C	G	T
1	0.34075922295491	0.269559793263233	0.2607378363928	0.128943147389057
2	0.106231861921491	0.0367343821597678	0.381854284405071	0.47517947151367
3	0.00522355024347056	0.993536963258079	0.0	0.00123948649845064
4	0.975232467193882	0.0112974711045451	0.00677848266272704	0.00669157903884592
5	0.00203918787126518	0.994946360492951	0.000177320684457842	0.00283713095132547
6	0.00583141897861813	0.00265064499028097	0.991517936031101	0.0
7	0.014244285226885	0.0211531900375299	0.00742067553735926	0.957181849198226
8	0.000353669319186561	0.00106100795755968	0.992219274977896	0.00636604774535809
9	0.500126571597334	0.446797738587461	0.010885157370686	0.0421905324445195
10	0.137586882908572	0.508465514168597	0.123418285510604	0.230529317412226
