Pos	A	C	G	T
1	0.478914202618	0.0339311682016	0.0920988851188	0.395055744062
2	0.210473313192	0.119838872105	0.172205438066	0.497482376636
3	0.0937752627324	0.0145513338723	0.0929668552951	0.7987065481
4	0.0049850448654	0.00598205383848	0.00398803589232	0.985044865404
5	0.00297619047619	0.015873015873	0.000992063492063	0.980158730159
6	0.0	0.993963782696	0.00603621730382	0.0
7	0.00403225806452	0.995967741935	0.0	0.0
8	0.71490593343	0.0267727930535	0.209117221418	0.0492040520984
9	0.079287031346	0.247080516288	0.0663798401967	0.60725261217
