Pos	A	C	G	T
1	0.167865707434053	0.141486810551559	0.189448441247002	0.501199040767386
2	0.0	0.0	1.0	0.0
3	0.0	1.0	0.0	0.0
4	0.0	1.0	0.0	0.0
5	0.0681003584229391	0.727598566308244	0.0627240143369176	0.1415770609319
6	0.100686498855835	0.290617848970252	0.167048054919908	0.441647597254005
7	0.164948453608247	0.385567010309278	0.272164948453608	0.177319587628866
8	0.367432150313152	0.210855949895616	0.329853862212944	0.0918580375782881
9	0.170068027210884	0.111111111111111	0.650793650793651	0.0680272108843537
10	0.0	0.0	1.0	0.0
11	0.0	0.0	1.0	0.0
12	0.0	1.0	0.0	0.0
13	0.542619542619543	0.128898128898129	0.162162162162162	0.166320166320166
