Pos	A	C	G	T
1	0.0428623320015	0.0345078096622	0.822375590265	0.100254268071
2	0.758713136729	0.128351206434	0.111930294906	0.00100536193029
3	0.0317258883249	0.957698815567	0.00126903553299	0.0093062605753
4	0.00656742556918	0.991243432574	0.000437828371278	0.00175131348511
5	0.72448	0.15616	0.03104	0.08832
6	0.00784997819451	0.987352812909	0.000872219799389	0.00392498909725
7	0.334015195792	0.661601402688	0.00263004091175	0.00175336060783
8	0.0721723518851	0.812926391382	0.00897666068223	0.10592459605
9	0.829304029304	0.0307692307692	0.116483516484	0.0234432234432
10	0.14878163074	0.53045923149	0.139409559513	0.181349578257
