Pos	A	C	G	T
1	0.220946177579705	0.244600617072335	0.0527939664038396	0.481659238944121
2	0.102762172284644	0.19815074906367	0.682818352059925	0.0162687265917603
3	0.0106447688564477	0.887165450121654	0.0944343065693431	0.00775547445255474
4	0.00400801603206413	0.974281897127589	0.00150300601202405	0.0202070808283233
5	0.00634104541559554	0.615938303341902	0.0658097686375321	0.31191088260497
6	0.0884470346246143	0.364072677408296	0.22745971888927	0.32002056907782
7	0.412238601302708	0.24854302365444	0.291738087075763	0.0474802879670895
8	0.379777206512425	0.0584404455869751	0.558868894601542	0.00291345329905741
9	0.0270539419087137	0.00199170124481328	0.968298755186722	0.00265560165975104
10	0.0165080309339679	0.110350981558596	0.867638310529447	0.00550267697798929
11	0.032319633541163	0.742333630232854	0.149128387835603	0.0762183483903805
12	0.597360301679808	0.066678093932122	0.177408296194721	0.158553308193349
