Pos	A	C	G	T
1	0.409691629955947	0.187958883994126	0.212922173274596	0.18942731277533
2	0.274596182085169	0.334801762114537	0.298091042584435	0.092511013215859
3	0.0378681626928471	0.955119214586255	0.0	0.00701262272089762
4	0.97008547008547	0.0	0.0	0.0299145299145299
5	0.0	0.967329545454545	0.00994318181818182	0.0227272727272727
6	0.021551724137931	0.0	0.978448275862069	0.0
7	0.0	0.0	0.021551724137931	0.978448275862069
8	0.0	0.0	0.964589235127479	0.0354107648725212
9	0.219941348973607	0.412023460410557	0.19208211143695	0.175953079178886
10	0.233137829912023	0.335777126099707	0.109970674486804	0.321114369501466
