Pos	A	C	G	T
1	0.703653585926928	0.0351826792963464	0.232746955345061	0.0284167794316644
2	0.362763915547025	0.439539347408829	0.190019193857965	0.00767754318618042
3	0.0114068441064639	0.988593155893536	0.0	0.0
4	0.931899641577061	0.010752688172043	0.043010752688172	0.014336917562724
5	0.0	0.00383141762452107	0.0	0.996168582375479
6	0.984848484848485	0.00757575757575758	0.00378787878787879	0.00378787878787879
7	0.0189982728842832	0.0829015544041451	0.0	0.898100172711572
8	0.0	0.00380228136882129	0.988593155893536	0.00760456273764259
9	0.00767754318618042	0.370441458733205	0.236084452975048	0.385796545105566
10	0.0433212996389892	0.305655836341757	0.0252707581227437	0.62575210589651
