Pos	A	C	G	T
1	0.298392732354997	0.205217796412765	0.176566503610529	0.31982296762171
2	0.0678326636728906	0.458284093594895	0.0193807610493973	0.454502481682817
3	0.0255065554231228	0.0390941597139452	0.932777115613826	0.00262216924910608
4	0.126857932941583	0.842723816107847	0.00120981679917041	0.0292084341513999
5	0.12912252648411	0.0945432740355786	0.0293823705776534	0.746951828902658
6	0.0593389088012744	0.0376344086021505	0.726204699322979	0.176821983273596
7	0.831827791658658	0.0972515856236787	0.0115318085719777	0.0593888141456852
8	0.183410955866046	0.384120647593701	0.302949656243069	0.129518740297183
9	0.0616168635626593	0.0141301829974519	0.0484132499420894	0.875839703497799
10	0.138087796562012	0.702514561727518	0.0650660605199602	0.09433158119051
11	0.757023667631534	0.0355865826664396	0.082070492082411	0.125319257619615
12	0.0213224724484907	0.00407283181600383	0.863200766650695	0.111403929084811
13	0.00223867745824005	0.973652488376098	0.0156707422076804	0.00843809195798175
14	0.865056818181818	0.0273944805194805	0.0217126623376623	0.085836038961039
15	0.255864049784586	0.249401627573001	0.121828626136908	0.372905696505505
