Pos	A	C	G	T
1	0.245663384903891	0.170182841068917	0.556727613689639	0.0274261603375527
2	0.00611951043916487	0.0237580993520518	0.96508279337653	0.00503959683225342
3	0.000749063670411985	0.172284644194757	0.0235955056179775	0.803370786516854
4	0.00227617602427921	0.0	0.996585735963581	0.00113808801213961
5	0.0544720914593141	0.144922663080027	0.00268997982515131	0.797915265635508
6	0.0226037195994278	0.124463519313305	0.676394849785408	0.17653791130186
7	0.951702296120348	0.00580628134072315	0.0229612034837688	0.0195302190551597
8	0.635085574572127	0.12958435207824	0.0687652811735941	0.166564792176039
9	0.54594767070836	0.150925335035099	0.0449904275686024	0.258136566687939
10	0.303007797994801	0.0575566282955811	0.0371333085777943	0.602302265131823
11	0.112897053195561	0.113662456946039	0.0711825487944891	0.702257941063911
12	0.025296442687747	0.0320158102766798	0.00158102766798419	0.941106719367589
13	0.119181946403385	0.77550540667607	0.0900329102021627	0.0152797367183827
14	0.743280815569972	0.0129749768303985	0.163113994439296	0.0806302131603336
15	0.0	0.997498610339077	0.000555864369093941	0.00194552529182879
16	0.739081431389124	0.00817131586362356	0.242040011270781	0.0107072414764722
17	0.00741554517989563	0.95166163141994	0.0329579785773139	0.00796484482285087
18	0.0659877800407332	0.526883910386965	0.204480651731161	0.202647657841141
