Pos	A	C	G	T
1	0.673295454545455	0.102272727272727	0.178977272727273	0.0454545454545455
2	0.374269005847953	0.119883040935673	0.502923976608187	0.00292397660818713
3	0.00986842105263158	0.986842105263158	0.0	0.00328947368421053
4	0.952380952380952	0.0	0.0	0.0476190476190476
5	0.0201149425287356	0.0660919540229885	0.862068965517241	0.0517241379310345
6	0.00980392156862745	0.980392156862745	0.0065359477124183	0.00326797385620915
7	0.0131578947368421	0.0	0.0	0.986842105263158
8	0.0	0.0033003300330033	0.99009900990099	0.0066006600660066
9	0.0186915887850467	0.641744548286604	0.0467289719626168	0.292834890965732
10	0.0939226519337017	0.279005524861878	0.0773480662983425	0.549723756906077
