Pos	A	C	G	T
1	0.373968835930339	0.296058661778185	0.0632447296058662	0.26672777268561
2	0.0873041253597698	0.156699712184202	0.697793412216182	0.0582027502398465
3	0.00584269662921348	0.00764044943820225	0.00584269662921348	0.980674157303371
4	0.0705394190871369	0.905394190871369	0.00539419087136929	0.0186721991701245
5	0.969346956908041	0.000888494002665482	0.0159928920479787	0.013771657041315
6	0.0028123744475693	0.00200883889112093	0.876657292085175	0.118521494576135
7	0.00226963231956423	0.99046754425783	0.00635497049477985	0.000907852927825692
8	0.705008077544427	0.010016155088853	0.19967689822294	0.0852988691437803
9	0.280018331805683	0.196608615948671	0.182401466544455	0.340971585701192
10	0.322639780018332	0.0834097158570119	0.0989917506874427	0.494958753437214
11	0.292850595783685	0.0728689275893676	0.0554537121906508	0.578826764436297
12	0.20430600091617	0.149335776454421	0.0797068254695373	0.566651397159872
