Pos	A	C	G	T
1	0.0	0.084070796460177	0.0	0.915929203539823
2	0.0157894736842105	0.0	0.978947368421053	0.00526315789473684
3	0.0	0.994579945799458	0.0	0.00542005420054201
4	0.0	0.0	0.0	1.0
5	0.0	0.0	0.0	1.0
6	0.0	0.0	0.00934579439252336	0.990654205607477
7	0.0	1.0	0.0	0.0
8	0.0	0.0461538461538462	0.130769230769231	0.823076923076923
9	1.0	0.0	0.0	0.0
10	0.0	0.0	1.0	0.0
11	0.0	0.0	1.0	0.0
12	0.993127147766323	0.0	0.00687285223367698	0.0
13	1.0	0.0	0.0	0.0
14	0.0	0.00921658986175115	0.0	0.990783410138249
15	0.0	0.0704845814977974	0.0	0.929515418502203
16	0.30958904109589	0.665753424657534	0.0246575342465753	0.0
17	0.544642857142857	0.43452380952381	0.0208333333333333	0.0
