Pos	A	C	G	T
1	0.0226708074534161	0.0881987577639751	0.0183229813664596	0.870807453416149
2	0.0127190503109101	0.00960994912379876	0.968343697003957	0.00932730356133409
3	0.679147465437788	0.110023041474654	0.205645161290323	0.00518433179723502
4	0.0033003300330033	0.00891089108910891	0.00165016501650165	0.986138613861386
5	0.000875912408759124	0.0037956204379562	0.987737226277372	0.00759124087591241
6	0.999400299850075	0.000299850074962519	0.000299850074962519	0.0
7	0.0	0.994940079893475	0.000532623169107856	0.00452729693741678
8	0.00120156203063983	0.000300390507659958	0.99789726644638	0.000600781015319916
9	0.0	0.00034952813701503	0.00104858441104509	0.99860188745194
10	0.00241837968561064	0.00030229746070133	0.997279322853688	0.0
11	0.00121469784391133	0.00303674460977832	0.965988460370483	0.0297600971758275
12	0.00643666323377961	0.992276004119464	0.0	0.00128733264675592
13	0.872988505747126	0.0152298850574713	0.101724137931034	0.0100574712643678
