Pos	A	C	G	T
1	0.907273736812882	0.0105496946141033	0.0777345918933926	0.00444197667962243
2	0.00303766707168894	0.00364520048602673	0.000607533414337789	0.992709599027947
3	0.0	0.00180831826401447	0.984930681133213	0.0132610006027728
4	0.983152827918171	0.000601684717208183	0.00120336943441637	0.0150421179302046
5	0.00842865743527995	0.722456351595424	0.261288380493679	0.0078266104756171
6	0.00364520048602673	0.0	0.00364520048602673	0.992709599027947
7	0.013189448441247	0.979616306954436	0.00179856115107914	0.00539568345323741
8	0.995734308348568	0.0	0.0	0.00426569165143205
9	0.0106537530266344	0.195641646489104	0.00242130750605327	0.791283292978208
