Pos	A	C	G	T
1	0.681241184767278	0.0667606958157029	0.248942172073343	0.00305594734367654
2	0.0857843137254902	0.0289661319073084	0.0035650623885918	0.88168449197861
3	0.0017583521728209	0.9939713639789	0.00401909068073348	0.000251193167545843
4	0.978002965892239	0.000494315373208107	0.018536826495304	0.00296589223924864
5	0.00074019245003701	0.976313841598816	0.0202319269676783	0.00271403898346904
6	0.00486223662884927	0.0789534614494096	0.916184301921741	0.0
7	0.0103749115774581	0.0565904267861353	0.0	0.933034661636406
8	0.000753579502637528	0.00326551117809596	0.9939713639789	0.00200954534036674
9	0.959040232670868	0.00193892389723703	0.00945225399903054	0.0295685894328648
10	0.00490075961774075	0.518010291595197	0.0254839500122519	0.45160499877481
