Pos	A	C	G	T
1	0.0	0.0759878419452888	0.273556231003039	0.650455927051672
2	0.0358208955223881	0.00298507462686567	0.823880597014925	0.137313432835821
3	0.0633187772925764	0.853711790393013	0.0	0.0829694323144105
4	0.00838574423480084	0.870020964360587	0.111111111111111	0.010482180293501
5	0.984848484848485	0.00505050505050505	0.0	0.0101010101010101
6	0.0	1.0	0.0	0.0
7	0.0	0.0	1.0	0.0
8	0.0	0.00467289719626168	0.0	0.995327102803738
9	0.0250783699059561	0.112852664576803	0.862068965517241	0.0
10	0.0958466453674121	0.00958466453674121	0.814696485623003	0.0798722044728434
11	0.0603621730382294	0.895372233400402	0.0241448692152917	0.0201207243460765
12	0.787746170678337	0.0962800875273523	0.0809628008752735	0.0350109409190372
