Pos	A	C	G	T
1	0.273826127382613	0.462575546257555	0.177591817759182	0.0860065086006509
2	0.0778086542278682	0.85391028185788	0.0107185391028186	0.0575625248114331
3	0.0620484487887803	0.914152146196345	0.00297492562685933	0.0208244793880153
4	0.00948509485094851	0.971544715447154	0.003613369467028	0.015356820234869
5	0.00902527075812274	0.970667870036101	0.00541516245487365	0.0148916967509025
6	0.00361990950226244	0.973303167420814	0.00950226244343891	0.0135746606334842
7	0.0233995584988962	0.949668874172185	0.0167770419426049	0.0101545253863135
8	0.0452640402347024	0.901508801341157	0.009639564124057	0.0435875943000838
9	0.680265654648956	0.185641998734978	0.0360531309297913	0.0980392156862745
10	0.124568469505178	0.618814729574223	0.0529344073647871	0.203682393555811
