Pos	A	C	G	T
1	0.423206547905633	0.167067886374579	0.0962927298988926	0.313432835820896
2	0.282147903909562	0.2312764955252	0.262364578426755	0.224211022138483
3	0.105081401085348	0.0848544647261963	0.013320177602368	0.796743956586088
4	0.0171081677704194	0.0193156732891832	0.960816777041943	0.00275938189845475
5	0.102026554856744	0.846261355695318	0.00593990216631726	0.0457721872816212
6	0.131438721136767	0.120781527531083	0.0275310834813499	0.720248667850799
7	0.0506263048016701	0.0245302713987474	0.441544885177453	0.483298538622129
8	0.895191122071517	0.011508425811755	0.0694615700780929	0.0238388820386354
9	0.00934579439252336	0.824672897196262	0.0448598130841121	0.121121495327103
10	0.139709329582747	0.0534458509142053	0.80168776371308	0.00515705578996718
11	0.0039564787339268	0.0182987141444115	0.00445103857566766	0.973293768545994
12	0.0695389266817838	0.831443688586546	0.0264550264550265	0.072562358276644
13	0.885831622176591	0.0172484599589322	0.0328542094455852	0.0640657084188912
14	0.0133587786259542	0.00286259541984733	0.846374045801527	0.137404580152672
15	0.00272904483430799	0.973099415204678	0.0120857699805068	0.0120857699805068
16	0.647435897435897	0.0164835164835165	0.287087912087912	0.048992673992674
17	0.26647564469914	0.274116523400191	0.1981852913085	0.261222540592168
18	0.350715746421268	0.105316973415133	0.109918200408998	0.434049079754601
