Pos	A	C	G	T
1	0.128744738796732	0.0230255013617232	0.650656102995791	0.197573656845754
2	0.561204343534057	0.194471865745311	0.20187561697927	0.0424481737413623
3	0.254513540621866	0.155215646940822	0.32221664994985	0.268054162487462
4	0.00597907324364723	0.0107125062282013	0.00423517688091679	0.979073243647235
5	0.99749624436655	0.0	0.00150225338007011	0.00100150225338007
6	0.000250689395838556	0.000752068187515668	0.000501378791677112	0.998495863624969
7	0.0	0.0	0.00200250312891114	0.997997496871089
8	0.997747747747748	0.0	0.00225225225225225	0.0
9	0.000500876533934385	0.000250438266967193	0.00125219133483596	0.997996493864262
10	0.0	0.000250815149235014	0.999749184850765	0.0
11	0.0	0.0	0.996998499249625	0.00300150075037519
12	0.000994282873477504	0.000248570718369376	0.981605766840666	0.017151379567487
13	0.948686167575607	0.030738720872583	0.00818046603867129	0.0123946455131383
14	0.00100200400801603	0.000250501002004008	0.000501002004008016	0.998246492985972
15	0.0922233300099701	0.0	0.90752741774676	0.000249252243270189
16	0.000501504513540622	0.100050150451354	0.469408224674022	0.430040120361083
17	0.420511534603811	0.238214643931795	0.175526579739218	0.165747241725176
