Pos	A	C	G	T
1	0.528182116668491	0.176534967713692	0.272518332056474	0.022764583561344
2	0.000652954619653934	0.00326477309826967	0.00163238654913484	0.994449885732942
3	0.00152858453072455	0.00183430143686946	0.0654234179150107	0.931213696117395
4	0.445035279680949	0.00122711933735556	0.489416095715308	0.0643215052663871
5	0.0187506072087827	0.887787816962985	0.00505197707179637	0.0884095987564364
6	0.0980032796373107	0.00848847303945211	0.881450757210379	0.0120574901128581
7	0.113279857397504	0.814438502673797	0.00089126559714795	0.0713903743315508
8	0.989710819885194	0.00888118704646377	0.00140799306834182	0.0
9	0.995750245178163	0.0011986487959028	0.0013076168682576	0.0017434891576768
10	0.0037914691943128	0.334913112164297	0.0338072669826224	0.627488151658768
