Pos	A	C	G	T
1	0.54857621440536	0.0904522613065327	0.311557788944724	0.0494137353433836
2	0.509250243427459	0.325219084712756	0.14508276533593	0.0204479065238559
3	0.0389972144846797	0.953574744661096	0.0074280408542247	0.0
4	0.95004625346901	0.0185013876040703	0.0314523589269195	0.0
5	0.0142857142857143	0.00840336134453781	0.114285714285714	0.863025210084034
6	0.932788374205268	0.0672116257947321	0.0	0.0
7	0.0207939508506616	0.00378071833648393	0.00472589792060491	0.97069943289225
8	0.00188501413760603	0.000942507068803016	0.967954759660697	0.0292177191328935
9	0.0330739299610895	0.227626459143969	0.365758754863813	0.373540856031128
10	0.0999219359875098	0.385636221701795	0.0983606557377049	0.41608118657299
