Pos	A	C	G	T
1	0.0849220103986135	0.254766031195841	0.0415944540727903	0.618717504332756
2	0.0285204991087344	0.0124777183600713	0.926916221033868	0.0320855614973262
3	0.905960264900662	0.0357615894039735	0.0516556291390728	0.00662251655629139
4	0.004739336492891	0.0	0.0	0.995260663507109
5	0.00572519083969466	0.00381679389312977	0.979007633587786	0.0114503816793893
6	0.997118155619596	0.00288184438040346	0.0	0.0
7	0.0	0.989389920424403	0.0	0.0106100795755968
8	0.0	0.0	0.997991967871486	0.00200803212851406
9	0.0	0.0	0.0	1.0
10	0.0	1.0	0.0	0.0
11	0.998635743519782	0.0	0.0	0.00136425648021828
12	0.00233644859813084	0.0467289719626168	0.0257009345794393	0.925233644859813
13	0.0205314009661836	0.938405797101449	0.0132850241545894	0.0277777777777778
14	0.788146279949559	0.0378310214375788	0.123581336696091	0.0504413619167718
