Pos	A	C	G	T
1	0.185268575104535	0.31435617025839	0.228262034952289	0.272113219684786
2	0.49042041224008	0.147189684917824	0.356442386270771	0.0059475165713248
3	0.000695782487690002	0.000856347677156926	0.000107043459644616	0.998340826375508
4	0.0010507880910683	0.000900675506629972	0.0646985238929197	0.933350012509382
5	0.953142565150741	0.000510986203372509	0.0463464486458866	0.0
6	0.000385746660880467	0.899416558175418	0.0	0.100197695163701
7	0.202854708138049	0.00195994887089902	0.794759267149553	0.000426075841499787
8	0.0	0.087730451366815	9.78042936084894e-05	0.912171744339576
9	0.946372399797057	0.0526636225266362	0.000405885337392187	0.000558092338914257
10	0.998875441790725	0.000321302345507122	0.0	0.000803255863767806
11	0.00680538555691554	0.557992656058751	0.0799020807833537	0.355299877600979
12	0.362871234051678	0.318055108823845	0.173528465744612	0.145545191379865
