Pos	A	C	G	T
1	0.0280289103225969	0.0990707396308142	0.647258807826941	0.225641542219648
2	0.692469448084601	0.0810654313839027	0.225764178831561	0.000700941699936001
3	0.0278964228510411	0.965997063534437	0.00193539775760812	0.00417111585691404
4	0.0408189627333204	0.943518697926758	0.00658787056771943	0.00907446877220177
5	0.0886786674379828	0.868649402797155	0.0111273692449042	0.0315445605199578
6	0.0	0.999625977558654	0.000136008160489629	0.000238014280856851
7	0.00622036918731717	0.992972663999193	0.000336236172287415	0.000470730641202381
8	0.00076529724840853	0.640484224440811	0.0	0.35875047831078
9	0.0630225080385852	0.00131540485238234	0.935252850043847	0.000409237065185618
10	0.000664298298818704	0.792132397539208	0.0126794327470179	0.194523871414955
11	0.034141680950909	0.0493719616713969	0.155421923736196	0.761064433641498
12	0.00210090079719112	0.000690707111405301	0.997179612628428	2.87794629752209e-05
13	0.108768383634209	0.268104830278107	0.0588973304523594	0.564229455635324
14	0.00092811116119965	0.0137890801092519	0.913022725464719	0.0722600832648299
