Pos	A	C	G	T
1	0.455331654072208	0.0458438287153652	0.145507976490344	0.353316540722082
2	0.173692297414657	0.0247845547464761	0.75930255862115	0.0422205892177166
3	0.0	0.940983989716022	0.0	0.059016010283978
4	0.00506730007917656	0.0	0.98812351543943	0.00680918448139351
5	0.0623177133968501	0.932432432432432	0.000777756173439627	0.00447209799727785
6	0.00453068058701862	0.995469319412981	0.0	0.0
7	0.507583682008368	0.453364714086471	0.0180439330543933	0.0210076708507671
8	0.0078619193927345	0.640791613952648	0.0	0.351346466654618
9	0.0	0.999887298546151	0.000112701453848755	0.0
10	0.00259467040673212	0.00343618513323983	0.00161290322580645	0.992356241234222
11	0.763660017346054	0.0209598149754264	0.117447239086441	0.0979329285920786
12	0.00731826313221662	0.13140348024069	0.799154334038055	0.0621239225890389
13	0.0137676798074029	0.387977730965995	0.0	0.598254589226602
14	0.000232693426410704	0.0	0.985689354275742	0.0140779522978476
15	0.0397883183065465	0.011172089376715	0.731379851038808	0.21765974127793
16	0.151956583833191	0.281976578120537	0.00816909454441588	0.557897743501857
17	0.36441484300666	0.310526771040567	0.212438370383185	0.112620015569587
