Pos	A	C	G	T
1	0.105362776025237	0.0220820189274448	0.730599369085174	0.141955835962145
2	0.505022831050228	0.0100456621004566	0.484931506849315	0.0
3	0.0269886363636364	0.948863636363636	0.0113636363636364	0.0127840909090909
4	0.0072463768115942	0.971014492753623	0.0173913043478261	0.00434782608695652
5	0.967120181405896	0.0306122448979592	0.00226757369614512	0.0
6	0.0130813953488372	0.981104651162791	0.0	0.00581395348837209
7	0.136075949367089	0.000632911392405063	0.853164556962025	0.010126582278481
8	0.0	0.994211287988423	0.0	0.00578871201157742
9	0.0	0.96978021978022	0.0123626373626374	0.0178571428571429
10	0.0	0.982142857142857	0.0	0.0178571428571429
11	0.404738400789733	0.118460019743337	0.0	0.47680157946693
12	0.248175182481752	0.228362877997914	0.103232533889468	0.420229405630865
13	0.334419109663409	0.259500542888165	0.0912052117263844	0.314875135722041
14	0.245360824742268	0.191752577319588	0.120618556701031	0.442268041237113
15	0.284663865546218	0.220588235294118	0.148109243697479	0.346638655462185
