Pos	A	C	G	T
1	0.431256572029443	0.121451104100946	0.258280757097792	0.189011566771819
2	0.278366111951589	0.070481445225594	0.252469520334609	0.398682922488209
3	0.0726296123306866	0.0235871088276506	0.0154133582438113	0.888369920597851
4	0.999343228687771	0.0	0.000394062787337449	0.000262708524891633
5	0.00131268049356787	0.0	0.0	0.998687319506432
6	0.00026281208935611	0.62969776609724	0.0	0.370039421813403
7	0.000656771312229082	0.0	0.999343228687771	0.0
8	0.998949579831933	0.00078781512605042	0.000262605042016807	0.0
9	0.000131354262445816	0.000394062787337449	0.000131354262445816	0.999343228687771
10	0.000250783699059561	0.0457680250783699	0.0	0.953981191222571
11	0.185320919175911	0.0128763866877971	0.0482369255150555	0.753565768621236
12	0.141371077762619	0.129860163710778	0.0800648021828104	0.648703956343793
13	0.150216848468918	0.224339597844658	0.103561571822841	0.521881981863583
14	0.15770797739519	0.220396898409778	0.234327769746353	0.387567354448679
