Pos	A	C	G	T
1	0.613412563667233	0.0499151103565365	0.205602716468591	0.13106960950764
2	0.097316219369895	0.843173862310385	0.052975495915986	0.00653442240373396
3	0.0771392081736909	0.922860791826309	0.0	0.0
4	0.00082827167310878	0.00082827167310878	0.997515184980674	0.00082827167310878
5	0.0	0.0	1.0	0.0
6	0.998618021006081	0.000552791597567717	0.0	0.000829187396351575
7	0.651551312649165	0.0418987006099178	0.0	0.306549986740918
8	0.918637172641749	0.0007627765064836	0.0778032036613272	0.00279684719043987
9	0.000552791597567717	0.000829187396351575	0.0	0.998618021006081
10	0.0	0.989591892632156	0.0104081073678444	0.0
11	0.00384615384615385	0.992582417582418	0.00357142857142857	0.0
12	0.00052369730295889	0.00418957842367112	0.946059177795234	0.0492275464781356
13	0.0360655737704918	0.0517564402810304	0.846135831381733	0.0660421545667447
14	0.161465834533525	0.214594335093615	0.0457673227716435	0.578172507601216
