Pos	A	C	G	T
1	0.564683663833806	0.102927289896128	0.151085930122757	0.181303116147309
2	0.748407643312102	0.0774946921443737	0.0159235668789809	0.158174097664544
3	0.151260504201681	0.710466004583652	0.0572956455309396	0.080977845683728
4	0.0152740341419587	0.889487870619946	0.0943396226415094	0.000898472596585804
5	0.0510879848628193	0.943235572374645	0.00567644276253548	0.0
6	0.000814995925020375	0.0	0.99918500407498	0.0
7	0.0	0.0	0.998371335504886	0.00162866449511401
8	0.994616419919246	0.0	0.00269179004037685	0.00269179004037685
9	0.985294117647059	0.00668449197860963	0.00267379679144385	0.0053475935828877
10	0.0337519623233909	0.0141287284144427	0.947409733124019	0.00470957613814757
11	0.00374882849109653	0.0524835988753515	0.0262417994376757	0.917525773195876
12	0.379472693032015	0.0781544256120527	0.435969868173258	0.106403013182674
