Pos	A	C	G	T
1	0.327628361858191	0.0904645476772616	0.107579462102689	0.474327628361858
2	0.27765237020316	0.0835214446952596	0.126410835214447	0.512415349887133
3	0.276315789473684	0.0197368421052632	0.0657894736842105	0.638157894736842
4	0.164817749603803	0.00475435816164818	0.239302694136292	0.591125198098257
5	0.0429530201342282	0.120805369127517	0.829530201342282	0.00671140939597315
6	0.0	0.0314465408805031	0.968553459119497	0.0
7	0.00550964187327824	0.983471074380165	0.0	0.0110192837465565
8	0.0	0.0	0.995652173913044	0.00434782608695652
9	0.00496277915632754	0.933002481389578	0.0595533498759305	0.00248138957816377
10	0.00435729847494553	0.836601307189543	0.117647058823529	0.0413943355119826
11	0.691780821917808	0.198630136986301	0.0205479452054795	0.089041095890411
12	0.668316831683168	0.0816831683168317	0.0	0.25
13	0.536992840095465	0.0644391408114559	0.121718377088305	0.276849642004773
14	0.462686567164179	0.0572139303482587	0.0995024875621891	0.380597014925373
