Pos	A	C	G	T
1	0.692198245198008	0.0386530709034859	0.0630780175480199	0.206070666350486
2	0.209310404724683	0.457356261941984	0.177175612298072	0.156157721035261
3	0.202295822356041	0.499059089198344	0.283778697779451	0.0148663906661648
4	0.339939681171909	0.61202068074106	0.040068935803533	0.00797070228349849
5	0.0	0.0	0.993912122816305	0.00608787718369508
6	0.0	0.0	0.994747899159664	0.00525210084033613
7	1.0	0.0	0.0	0.0
8	0.933388842631141	0.000832639467110741	0.0	0.0657785179017485
9	0.167403958090803	0.0270081490104773	0.80023282887078	0.00535506402793946
10	0.0795036764705882	0.149126838235294	0.0553768382352941	0.715992647058823
11	0.348157173317088	0.135242156564118	0.296070667072799	0.220530003045995
