Pos	A	C	G	T
1	0.303121474238435	0.341857841293719	0.221887927792403	0.133132756675442
2	0.185904255319149	0.70718085106383	0.0279255319148936	0.0789893617021277
3	0.169679300291545	0.775218658892128	0.00670553935860058	0.0483965014577259
4	0.047010024196336	0.919115105426892	0.00829588662288282	0.0255789837538887
5	0.0383542538354254	0.927126917712692	0.00278940027894003	0.0317294281729428
6	0.0626235992089651	0.876400791034937	0.0135135135135135	0.047462096242584
7	0.0745321915635902	0.843323818585474	0.0380589914367269	0.0440849984142087
8	0.113504074505239	0.773864959254948	0.0311408614668219	0.0814901047729918
9	0.670956346202372	0.104970981579611	0.0698965430229624	0.154176129195054
10	0.162720706260032	0.533507223113965	0.0706260032102729	0.23314606741573
