Pos	A	C	G	T
1	0.797387534073654	0.026710085801577	0.0938877810504747	0.0820145990742943
2	0.0601290534708808	0.895688627676626	0.0381817434548518	0.00600057539764087
3	0.0603674540682415	0.937696312551095	0.00193623338066348	0.0
4	0.000114697313788911	0.0	0.999839423760696	4.58789255155644e-05
5	0.0	0.0	0.998625303578793	0.00137469642120698
6	0.998831267044022	0.000481242981873181	0.000435410316932878	0.000252079657171666
7	0.873379420899709	0.00460875663761146	0.000480913736098587	0.12153090872658
8	0.431859287393742	0.0127283414722373	0.553535901609694	0.00187646952432628
9	0.0193031913748951	0.240439863134563	0.0427381695323764	0.697518775958166
10	0.244160969118524	0.177029321341715	0.425824806130409	0.152984903409352
