Pos	A	C	G	T
1	0.367014341590613	0.0505215123859192	0.536831812255541	0.045632333767927
2	0.000301204819277108	0.0036144578313253	0.00421686746987952	0.991867469879518
3	0.0405691795337572	0.00211928549803209	0.956706024825916	0.000605510142294883
4	0.0	0.989722507708119	0.00993490921548476	0.000342583076396026
5	0.00211044671122054	0.997186071051706	0.000351741118536757	0.000351741118536757
6	0.851094890510949	0.105839416058394	0.00328467153284672	0.0397810218978102
7	0.320971004720162	0.258597437626433	0.384356035064059	0.0360755225893459
8	0.0174399473511023	0.911484040802896	0.0329055610398157	0.0381704508061862
9	0.061198738170347	0.58391167192429	0.0779179810725552	0.276971608832808
10	0.0595813204508857	0.310789049919485	0.190338164251208	0.439291465378422
11	0.553111034719835	0.0120316259883121	0.415950498453077	0.0189068408387762
12	0.0	0.00357249181303959	0.00148853825543316	0.994938969931527
13	0.0411411411411411	0.0036036036036036	0.954954954954955	0.0003003003003003
14	0.0	0.98130523453433	0.0166553365057784	0.00203942895989123
15	0.000692520775623269	0.9851108033241	0.0138504155124654	0.000346260387811634
16	0.770285714285714	0.199619047619048	0.00342857142857143	0.0266666666666667
17	0.433922996878252	0.2088102670829	0.240721470690253	0.116545265348595
18	0.0296666666666667	0.870666666666667	0.0266666666666667	0.073
