Pos	A	C	G	T
1	0.3231418028466	0.324196099103848	0.113336847654191	0.239325250395361
2	0.322784810126582	0.309071729957806	0.0369198312236287	0.331223628691983
3	0.618181818181818	0.366753246753247	0.00363636363636364	0.0114285714285714
4	0.0	0.996845425867508	0.000525762355415352	0.00262881177707676
5	0.0754444978375781	0.00432484382508409	0.911100432484383	0.00913022585295531
6	0.0	0.999472851871376	0.000527148128624143	0.0
7	0.00157811678064177	0.997369805365597	0.00105207785376118	0.0
8	0.0	1.0	0.0	0.0
9	0.517114270668773	0.481305950500263	0.00157977883096367	0.0
10	0.0031496062992126	0.995275590551181	0.0	0.0015748031496063
11	0.00422832980972516	0.167321051041981	0.255813953488372	0.572636665659921
12	0.00157977883096367	0.998420221169036	0.0	0.0
13	0.891815616180621	0.0573847601128881	0.0362182502351834	0.0145813734713076
14	0.442510548523207	0.322784810126582	0.04957805907173	0.185126582278481
15	0.311708860759494	0.197784810126582	0.0427215189873418	0.447784810126582
16	0.262130801687764	0.310126582278481	0.0965189873417722	0.331223628691983
