Pos	A	C	G	T
1	0.0404217926186292	0.597539543057997	0.186291739894552	0.175746924428823
2	0.489690721649485	0.225085910652921	0.194158075601375	0.0910652920962199
3	0.497297297297297	0.0810810810810811	0.390990990990991	0.0306306306306306
4	0.00202839756592292	0.787018255578093	0.196754563894523	0.0141987829614604
5	0.0	0.0275590551181102	0.952755905511811	0.0196850393700787
6	0.0	0.0	0.0	1.0
7	0.0	0.968824940047962	0.0311750599520384	0.0
8	0.0	0.992788461538462	0.0	0.00721153846153846
9	0.0	0.0591603053435115	0.900763358778626	0.0400763358778626
10	0.00236406619385343	0.933806146572104	0.0354609929078014	0.0283687943262411
11	0.2	0.129411764705882	0.442352941176471	0.228235294117647
12	0.182464454976303	0.199052132701422	0.364928909952607	0.253554502369668
