Pos	A	C	G	T
1	0.7	0.088	0.132	0.08
2	0.0283400809716599	0.0	0.00404858299595142	0.967611336032389
3	0.686440677966102	0.0	0.300847457627119	0.0127118644067797
4	0.889380530973451	0.0	0.0442477876106195	0.0663716814159292
5	0.00840336134453781	0.0	0.0168067226890756	0.974789915966387
6	0.0127659574468085	0.987234042553191	0.0	0.0
7	0.0	1.0	0.0	0.0
8	0.0	0.0	1.0	0.0
9	0.0107913669064748	0.0143884892086331	0.974820143884892	0.0
10	0.0	0.0404040404040404	0.95959595959596	0.0
11	0.854166666666667	0.0166666666666667	0.0	0.129166666666667
12	0.224489795918367	0.661807580174927	0.0932944606413994	0.0204081632653061
13	0.248603351955307	0.625698324022346	0.0391061452513966	0.0865921787709497
14	0.636363636363636	0.165584415584416	0.0422077922077922	0.155844155844156
15	0.121372031662269	0.627968337730871	0.0422163588390501	0.20844327176781
