Pos	A	C	G	T
1	0.518560606060606	0.107575757575758	0.222727272727273	0.151136363636364
2	0.747659906396256	0.0179407176287051	0.220358814352574	0.0140405616224649
3	0.899142507145774	0.0	0.00530828909759085	0.0955492037566354
4	0.926193341355796	0.0	0.0	0.0738066586442038
5	0.811695476278043	0.0	0.0169179845531445	0.171386539168812
6	0.177118238391575	0.0	0.347774054571565	0.47510770703686
7	0.0118754201209948	0.1165135559041	0.842706699529465	0.0289043244454403
8	0.0	0.000774393391843056	0.999225606608157	0.0
9	0.0	1.0	0.0	0.0
10	0.0	0.000752256770310933	0.999247743229689	0.0
11	0.0	1.0	0.0	0.0
12	0.0313510019392372	0.779250161603103	0.177763413057531	0.0116354234001293
13	0.6508038585209	0.209967845659164	0.0	0.139228295819936
14	0.361032258064516	0.00774193548387097	0.00567741935483871	0.625548387096774
15	0.270812685827552	0.00247770069375619	0.00297324083250743	0.723736372646184
16	0.13170584689572	0.00723327305605787	0.00421940928270042	0.856841470765521
17	0.0255260434632632	0.147982062780269	0.0438082097274922	0.782683684028975
18	0.100419874037789	0.249125262421274	0.124212736179146	0.526242127361791
