Pos	A	C	G	T
1	0.615384615384615	0.138461538461538	0.123076923076923	0.123076923076923
2	0.217391304347826	0.0579710144927536	0.579710144927536	0.144927536231884
3	0.0	0.0483870967741935	0.0	0.951612903225806
4	0.0	0.0	1.0	0.0
5	0.0	0.0	0.0	1.0
6	0.0	0.0	0.0	1.0
7	0.78125	0.0	0.171875	0.046875
8	0.9375	0.0	0.0	0.0625
9	0.0	1.0	0.0	0.0
10	0.753623188405797	0.0144927536231884	0.0	0.231884057971014
11	0.0175438596491228	0.0	0.982456140350877	0.0
12	1.0	0.0	0.0	0.0
13	0.796610169491525	0.0	0.203389830508475	0.0
14	0.0	1.0	0.0	0.0
15	0.951612903225806	0.0483870967741935	0.0	0.0
16	0.0	0.983333333333333	0.0	0.0166666666666667
17	0.0	0.88135593220339	0.0338983050847458	0.0847457627118644
18	0.0169491525423729	0.23728813559322	0.0677966101694915	0.677966101694915
