Pos	A	C	G	T
1	0.64390243902439	0.11219512195122	0.190243902439024	0.0536585365853659
2	0.776357827476038	0.0319488817891374	0.12779552715655	0.0638977635782748
3	0.919003115264797	0.00623052959501558	0.0	0.0747663551401869
4	0.95859872611465	0.0	0.00636942675159236	0.035031847133758
5	0.740223463687151	0.00279329608938547	0.0782122905027933	0.17877094972067
6	0.00576368876080692	0.181556195965418	0.798270893371758	0.0144092219020173
7	0.418666666666667	0.450666666666667	0.130666666666667	0.0
8	0.00727272727272727	0.0	0.992727272727273	0.0
9	0.0	0.0	1.0	0.0
10	0.990033222591362	0.0	0.00996677740863787	0.0
11	0.993333333333333	0.0	0.0	0.00666666666666667
12	0.00706713780918728	0.0424028268551237	0.950530035335689	0.0
13	0.00735294117647059	0.0	0.0110294117647059	0.981617647058823
14	0.573573573573574	0.0660660660660661	0.126126126126126	0.234234234234234
