Pos	A	C	G	T
1	0.574887023886378	0.0364751452550032	0.33666881859264	0.051969012265978
2	0.0133968442988985	0.00119083060434653	0.0	0.985412325096755
3	0.0670926517571885	0.00141995030173944	0.931487397941072	0.0
4	0.0	0.00707613925842061	0.0	0.992923860741579
5	0.0150089035868736	0.0	0.305520223861613	0.679470872551514
6	0.00163627863487611	0.0	0.200794763908368	0.797568957456755
7	0.992307692307692	0.00384615384615385	0.0	0.00384615384615385
8	0.0024232633279483	0.974959612277868	0.00282714054927302	0.0197899838449111
9	0.209382151029748	0.00045766590389016	0.790160183066362	0.0
10	0.0134520276953511	0.0158259149357072	0.9513353115727	0.0193867457962413
11	0.1341642228739	0.00317693059628544	0.00268817204301075	0.859970674486804
12	0.86073329390893	0.13926670609107	0.0	0.0
13	0.986784140969163	0.010504913588614	0.0	0.00271094544222298
14	0.960013554727211	0.0	0.0125381226702813	0.0274483226025076
15	0.00761523046092184	0.977555110220441	0.00120240480961924	0.013627254509018
16	0.945336522036215	0.0392893747864708	0.0017082336863683	0.0136658694909464
17	0.820460704607046	0.0562330623306233	0.0335365853658537	0.089769647696477
