Pos	A	C	G	T
1	0.352201257861635	0.150314465408805	0.179874213836478	0.317610062893082
2	0.393060295790671	0.0762229806598407	0.511376564277588	0.0193401592718999
3	0.134046570169918	0.141598489616111	0.0402769037130271	0.684078036500944
4	0.594837261503928	0.297418630751964	0.0	0.107744107744108
5	0.914795624640184	0.0397236614853195	0.00863557858376511	0.0368451352907311
6	0.951497005988024	0.00958083832335329	0.0	0.0389221556886228
7	0.0	0.262264150943396	0.0	0.737735849056604
8	0.683718028696195	0.0	0.307548346849657	0.00873362445414847
9	0.0951056729699666	0.00723025583982202	0.0139043381535039	0.883759733036707
10	0.0538194444444444	0.00983796296296296	0.0167824074074074	0.919560185185185
11	0.453172205438066	0.00845921450151057	0.0314199395770393	0.506948640483384
12	0.359119496855346	0.0308176100628931	0.228930817610063	0.381132075471698
13	0.014827018121911	0.366831411312466	0.112575507962658	0.505766062602965
14	0.244025157232704	0.160377358490566	0.19874213836478	0.39685534591195
