Pos	A	C	G	T
1	0.56793562364593	0.0739709068399876	0.193129062209842	0.16496440730424
2	0.129980657640232	0.709864603481625	0.130754352030948	0.0294003868471954
3	0.0917116233447769	0.899950956351153	0.00637567435017165	0.00196174595389897
4	0.0	0.00488069414316703	0.995119305856833	0.0
5	0.0	0.0	0.990820734341253	0.0091792656587473
6	0.993502977801841	0.0	0.00378992961559285	0.00270709258256632
7	0.671423344310282	0.021953896816685	0.00512257592389316	0.30150018294914
8	0.272508591065292	0.0759450171821306	0.630584192439863	0.0209621993127148
9	0.0663299663299663	0.220875420875421	0.094949494949495	0.617845117845118
10	0.405773420479303	0.144335511982571	0.263071895424837	0.18681917211329
