Pos	A	C	G	T
1	0.460693488618317	0.0751058761249338	0.315378507146638	0.148822128110111
2	0.794365012615643	0.00651808242220353	0.155645500420521	0.0434714045416316
3	0.88862754322004	0.00352816652946019	0.0197577325649771	0.0880865576855228
4	0.000330687830687831	0.9994708994709	0.0	0.000198412698412698
5	0.0691150489854917	0.809036886342952	0.028963006584935	0.0928850580866213
6	0.0446516476515897	0.00932414432153819	0.875195459547113	0.0708287484797591
7	0.000396667988893296	0.0	0.999074441359249	0.000528890651857728
8	0.0412050292543259	0.0133822980206648	0.00479272998879622	0.940619942736213
9	0.0539204673107167	0.0811053695798697	0.016176140193215	0.848798022916199
10	0.159872948650079	0.156034939121228	0.124867654843833	0.55922445738486
