Pos	A	C	G	T
1	0.258670060451798	0.119471842188991	0.53825962456252	0.0835984727966911
2	0.102481469545601	0.0832527661402943	0.726930927059835	0.0873348372542701
3	0.717698750514898	0.211451325003433	0.0188109295619937	0.052038994919676
4	0.0182883269038434	0.00614373481925989	0.00871553079011287	0.966852407486784
5	0.405201714201271	0.150879267031181	0.195507610462539	0.24841140830501
6	0.988460414840783	0.0	0.00160677768039731	0.00993280747881975
7	0.0656139395589436	0.0132044650149741	0.310509120609856	0.610672474816227
8	0.106423549040639	0.806459301632702	0.0531521868668812	0.0339649624597783
9	0.0912909549145897	0.631662466162606	0.115560533930738	0.161486044992066
