Pos	A	C	G	T
1	0.363022829528412	0.149141809698384	0.132144642559573	0.355690718213631
2	0.286253776435045	0.0837681955506729	0.600659159571546	0.0293188684427355
3	0.118020525308749	0.164811271525483	0.0239172029918247	0.693251000173943
4	0.569975648187939	0.366279902592752	0.0127488898438619	0.0509955593754476
5	0.947880472550382	0.0207705968651069	0.0149023241448537	0.0164466064396572
6	0.948261238337574	0.0262163620942247	0.00624566273421235	0.0192767368339887
7	0.00203596878181201	0.286817102137767	0.0124703087885986	0.698676620291822
8	0.663727485115683	0.00934509005953727	0.32692742482478	0.0
9	0.0442817294281729	0.0135983263598326	0.021094839609484	0.92102510460251
10	0.0273737464992321	0.0226759418194959	0.0102086909386575	0.939741620742614
11	0.568212639001899	0.0102160744959769	0.0314618931380526	0.390109393364072
12	0.377689118360322	0.0185402487678949	0.240240945005085	0.363529687866698
13	0.0205090909090909	0.471054545454545	0.143636363636364	0.3648
14	0.301729130470754	0.190369818813601	0.154132539091586	0.353768511624059
