Pos	A	C	G	T
1	0.473202216171963	0.14980103954458	0.242065380880757	0.1349313634027
2	0.73077467446688	0.0301707869409323	0.174749952821287	0.0643045857709002
3	0.934263172724711	0.00772048464356157	0.0214426599041984	0.0365736827275289
4	0.935537989080983	0.00372497725204732	0.00534576888080073	0.0553912647861692
5	0.750424612995584	0.0102635026932596	0.0185616538069588	0.220750230504198
6	0.0414926714026653	0.0908380055567571	0.859350824363219	0.00831849867735871
7	0.345525758191897	0.53044539092096	0.121374911713717	0.00265393917342636
8	0.0167873066300836	0.000342966479539342	0.982617014747559	0.000252712142818462
9	0.0	0.000271975630983464	0.999093414563388	0.000634609805628082
10	0.995318054391492	0.000809225166902691	0.00187855842316696	0.00199416201843877
11	0.993117628580404	0.00105662963703344	0.00185624125424794	0.00396950052831482
12	0.0121352740869333	0.0973826534018829	0.887711157107565	0.00277091540361888
13	0.0169475584982319	0.0435068843578361	0.0134677601384395	0.926077797005492
14	0.40798905101023	0.0889837388944304	0.256860516365492	0.246166693729848
