Pos	A	C	G	T
1	0.759087963235727	0.035939433217463	0.13521475284275	0.0697578507040594
2	0.0401589328792394	0.914147864339435	0.0301546757485455	0.0155385270327799
3	0.0174330085261876	0.980816077953715	0.00159866017052375	0.000152253349573691
4	0.0	0.000853043815432338	0.999146956184568	0.0
5	0.0	0.0	0.99183987682833	0.00816012317167052
6	0.997908759972117	0.00100689334675858	0.0	0.00108434668112462
7	0.923915381857296	0.00652563642882754	0.00164933667981355	0.0679096450340624
8	0.114676486059968	0.0334034718569174	0.847185691741189	0.0047343503419253
9	0.03255393360031	0.107996382896267	0.0272574602764501	0.832192223226973
10	0.35524681775846	0.111145606954362	0.320319776466936	0.213287798820242
