Pos	A	C	G	T
1	0.0117873466442146	0.952128939138802	0.0233341351936493	0.0127495790233341
2	0.0083674559373331	0.00605305323126224	0.985579490831405	0.0
3	0.00110031175499725	0.0122868145974693	0.953970291582615	0.0326425820649184
4	0.999016070842899	0.0	0.000983929157100689	0.0
5	0.0	1.0	0.0	0.0
6	0.999360613810742	0.0	0.000639386189258312	0.0
7	0.0	0.983529411764706	0.00676470588235294	0.00970588235294118
8	0.976548406494287	0.00450992182802165	0.00691521346963319	0.0120264582080577
9	0.987750224081267	0.0	0.00179265013444876	0.0104571257842844
10	0.0321644498186215	0.0026602176541717	0.052962515114873	0.912212817412334
