Pos	A	C	G	T
1	0.346045764753111	0.262946607788037	0.11601766358892	0.274989963869932
2	0.617654351599306	0.0605008678403174	0.133151500123977	0.1886932804364
3	0.884588068181818	0.00426136363636364	0.0660511363636364	0.0450994318181818
4	0.968130586863583	0.000777302759424796	0.00155460551884959	0.0295375048581422
5	0.0	0.999598715890851	0.000401284109149278	0.0
6	0.0650406504065041	0.810081300813008	0.0169105691056911	0.107967479674797
7	0.0705169112954691	0.0162731333758775	0.794830887045309	0.118379068283344
8	0.0	0.0	1.0	0.0
9	0.0110803324099723	0.00277008310249307	0.000395726157499011	0.985753858330036
10	0.0232383808095952	0.0419790104947526	0.00112443778110945	0.933658170914543
11	0.121972570761599	0.119346367084914	0.0318062445287423	0.726874817624745
12	0.171417101565636	0.0991569650742674	0.189482135688479	0.539943797671618
