Pos	A	C	G	T
1	0.300898203592814	0.181137724550898	0.145209580838323	0.372754491017964
2	0.027536231884058	0.0	0.00579710144927536	0.966666666666667
3	0.341880341880342	0.0185185185185185	0.60968660968661	0.0299145299145299
4	0.00570613409415121	0.0299572039942939	0.0128388017118402	0.951497860199715
5	0.0216216216216216	0.0283783783783784	0.0486486486486487	0.901351351351351
6	0.00641025641025641	0.0243589743589744	0.114102564102564	0.855128205128205
7	0.98377581120944	0.00589970501474926	0.0103244837758112	0.0
8	0.00280898876404494	0.936797752808989	0.023876404494382	0.0365168539325843
9	0.658227848101266	0.0618846694796062	0.0	0.279887482419128
