Pos	A	C	G	T
1	0.167386742377484	0.285767189235897	0.280829527218862	0.266016541167757
2	0.181248417320841	0.218979488478096	0.0869207394277032	0.51285135477336
3	0.0542463835744284	0.000349976668222119	0.000349976668222119	0.945053663089127
4	0.956886369005433	0.00141743444365698	0.034136546184739	0.00755965036617056
5	0.997291641019328	0.0	0.00270835898067217	0.0
6	0.0155705574912892	0.0040287456445993	0.0983231707317073	0.882077526132404
7	0.043655039589129	0.866787930665525	0.0303873314787075	0.0591696982666381
8	0.0273959706270006	0.762662398794954	0.0247599322161552	0.18518169836189
9	0.230712257745957	0.34341439328478	0.143315640044439	0.282557708924824
