Pos	A	C	G	T
1	0.574514629477714	0.0388296417828821	0.259775772491113	0.126879956248291
2	0.817982456140351	0.0361842105263158	0.0584795321637427	0.0873538011695906
3	0.0	0.935038363171355	0.0624040920716113	0.00255754475703325
4	0.055733049343273	0.647497337593184	0.0841320553780618	0.212637557685481
5	0.118564409314249	0.0858790856654561	0.597521897030549	0.198034607989746
6	0.00690204406689674	0.00637111760021237	0.986726838332891	0.0
7	0.222060535506403	0.079743888242142	0.029976717112922	0.668218859138533
8	0.203283815480844	0.263878029710712	0.0535574667709148	0.479280688037529
9	0.20192994996426	0.161186561829878	0.145103645461044	0.491779842744818
10	0.549886621315193	0.0619803476946334	0.147392290249433	0.240740740740741
11	0.636103151862464	0.0239971346704871	0.0712750716332378	0.268624641833811
12	0.00112549240292628	0.998311761395611	0.0	0.00056274620146314
13	0.174036080650867	0.611248673505483	0.0930314821365405	0.12168376370711
14	0.143279797125951	0.0289518174133559	0.75	0.0777683854606932
15	0.0	0.0232915280266189	0.97568466854364	0.00102380342974149
16	0.100051440329218	0.0334362139917695	0.0136316872427984	0.852880658436214
17	0.0522213561964147	0.150948298259288	0.0444271239282931	0.752403221616004
