Pos	A	C	G	T
1	0.576732673267327	0.0	0.418316831683168	0.00495049504950495
2	0.009375	0.028125	0.0	0.9625
3	0.980237154150198	0.0197628458498024	0.0	0.0
4	1.0	0.0	0.0	0.0
5	0.992	0.0	0.0	0.008
6	0.0	0.978947368421053	0.0	0.0210526315789474
7	1.0	0.0	0.0	0.0
8	0.99203187250996	0.0	0.00796812749003984	0.0
9	0.0476190476190476	0.112244897959184	0.0782312925170068	0.761904761904762
10	0.32741116751269	0.0050761421319797	0.284263959390863	0.383248730964467
11	0.0407725321888412	0.0	0.959227467811159	0.0
12	0.00638977635782748	0.0	0.0	0.993610223642173
13	1.0	0.0	0.0	0.0
14	1.0	0.0	0.0	0.0
15	1.0	0.0	0.0	0.0
16	0.0	1.0	0.0	0.0
17	0.992424242424242	0.00378787878787879	0.0	0.00378787878787879
