Pos	A	C	G	T
1	0.120829120323559	0.0654701718907988	0.0182002022244692	0.795500505561173
2	0.845437449628369	0.00367153219306886	0.0715501029820005	0.0793409151965613
3	1.0	0.0	0.0	0.0
4	0.0143913651808915	0.029282430541675	0.0127923246052369	0.943533879672197
5	0.0301527958387516	0.145806241872562	0.0567295188556567	0.76731144343303
6	0.469267347657626	0.0671010919337795	0.362099330750264	0.10153222965833
7	0.396835752732018	0.185287881259175	0.37310389822215	0.044772467786658
8	0.60839025647635	0.0414357520299008	0.263887098852945	0.0862868926408042
9	0.0007361447050163	0.00557366705226627	0.000841308234304343	0.992848880008413
10	0.0626274643099932	0.118116927260367	0.0169952413324269	0.802260367097213
11	0.728753377074489	0.035584716325743	0.0815129293708993	0.154148977228869
