Pos	A	C	G	T
1	0.246398786959818	0.246146070255244	0.256002021733637	0.251453121051301
2	0.340323395654371	0.204396159676604	0.111167256189995	0.34411318847903
3	0.0944262295081967	0.027103825136612	0.013551912568306	0.864918032786885
4	0.933695139216612	0.00896649362907032	0.0136857008022652	0.0436526663520529
5	0.966064453125	0.00830078125	0.016357421875	0.00927734375
6	0.0350047303689688	0.0290917691579943	0.260406811731315	0.675496688741722
7	0.200795605228263	0.749573782913431	0.0344762265580602	0.0151543853002463
8	0.0266791481394805	0.0196583196817224	0.926047273578282	0.0276152586005149
9	0.00519112789051439	0.0526191599811232	0.933695139216612	0.00849457291175083
10	0.894843962008141	0.0845771144278607	0.00474898236092266	0.0158299412030755
11	0.0	0.00252079657171666	0.0	0.997479203428283
12	0.0170440710981252	0.0163136109082055	0.00316532748965181	0.963476990504018
13	0.962071480671043	0.00461949914903963	0.00632141988815949	0.0269876002917578
14	0.377210712481051	0.136432541687721	0.218797372410308	0.26755937342092
15	0.310588829921658	0.334849633560778	0.157695223654284	0.19686631286328
