Pos	A	C	G	T
1	0.310679611650485	0.131067961165049	0.558252427184466	0.0
2	0.0	0.0	0.0	1.0
3	0.0594795539033457	0.855018587360595	0.0	0.0855018587360595
4	0.228187919463087	0.0	0.771812080536913	0.0
5	0.0336134453781513	0.0	0.0	0.966386554621849
6	0.757575757575758	0.0	0.0	0.242424242424242
7	0.987124463519313	0.0	0.0	0.0128755364806867
8	0.954356846473029	0.016597510373444	0.0	0.029045643153527
9	0.642458100558659	0.0810055865921788	0.0782122905027933	0.198324022346369
10	0.380952380952381	0.220779220779221	0.0995670995670996	0.298701298701299
