Pos	A	C	G	T
1	0.176057791537668	0.269625042999656	0.354936360509116	0.19938080495356
2	0.182262281546718	0.351314159900922	0.157148754644282	0.309274803908078
3	0.0145104420938432	0.0	0.0	0.985489557906157
4	1.0	0.0	0.0	0.0
5	1.0	0.0	0.0	0.0
6	0.261503455250295	0.0112506320579808	0.114823866509354	0.61242204618237
7	0.107004546219902	0.161474995790537	0.119717124094965	0.611803333894595
8	0.162326340064121	0.0	0.817481298160751	0.020192361775128
9	0.203935599284436	0.318700977019403	0.26971239851383	0.207651025182331
10	0.165072593408106	0.273309020849102	0.153099841739489	0.408518544003303
