Pos	A	C	G	T
1	0.046562228024369	0.0155026109660574	0.00707136640557006	0.930863794604003
2	0.928641198176688	0.00482960711960061	0.0181788582591708	0.0483503364445409
3	0.983788444955447	0.00563380281690141	0.0066685829261282	0.00390916930152343
4	0.381642256648866	0.01617934753873	0.0790461587268017	0.523132237085603
5	0.0748552730933803	0.330782783790586	0.0636798389126605	0.530682104203373
6	0.121902780404766	0.0159825988273123	0.809201815774541	0.05291280499338
7	0.189738795068077	0.265295389469994	0.292584584818559	0.252381230643371
8	0.0940220884707532	0.315491147081166	0.106468766434874	0.484017998013206
9	0.184724170172978	0.30481533426835	0.381545114539504	0.128915381019168
10	0.191386161757831	0.358812529219261	0.108987844787284	0.340813464235624
11	0.0353431508752431	0.0090580716865796	0.00461239233120311	0.950986385106974
12	0.91906552094522	0.00488721804511278	0.00746509129967777	0.0685821697099893
13	0.991655560062583	0.00365069247261981	0.00173842498696181	0.00295532247783508
14	0.424504485147983	0.0111725841972391	0.0696137938443358	0.494709136810442
15	0.0617754649904683	0.378226595909114	0.0565716935442321	0.503426245556185
16	0.129857376665887	0.0131868131868132	0.800233808744447	0.0567220014028525
