Pos	A	C	G	T
1	0.0371148459383754	0.0327575474634298	0.0119047619047619	0.918222844693433
2	0.00808468078013002	0.0040006667777963	0.983580596766128	0.00433405567594599
3	0.952769255611174	0.00274503471661553	0.0319715808170515	0.0125141288551591
4	0.0104655953852493	0.972476308199423	0.00420271940667491	0.0128553770086527
5	0.97231605833402	0.00205981708824256	0.0222460245530197	0.00337810002471781
6	0.0214896862771108	0.0173774623598859	0.782715394309213	0.178417457053791
7	0.112081839904421	0.5569743130227	0.324148745519713	0.00679510155316607
8	0.00575411297511954	0.0332279763351973	0.00461949914903963	0.956398411540644
9	0.012385434728759	0.00635785649409628	0.974403434893898	0.00685327388324664
10	0.0457173284649323	0.0472387037882246	0.00935645823824738	0.897687509508596
11	0.00577557755775578	0.973679867986799	0.0112211221122112	0.00932343234323432
12	0.92281826712543	0.0134501094776353	0.0308883328120113	0.0328432905849234
