Pos	A	C	G	T
1	0.184089414858646	0.211702827087442	0.343852728468113	0.260355029585799
2	0.265440210249671	0.168856767411301	0.21484888304862	0.350854139290407
3	0.0749279538904899	0.0345821325648415	0.0132564841498559	0.877233429394813
4	0.901658767772512	0.004739336492891	0.0420616113744076	0.0515402843601896
5	0.980670103092783	0.00128865979381443	0.0141752577319588	0.0038659793814433
6	0.0258913412563667	0.0178268251273345	0.310271646859083	0.646010186757216
7	0.133295838020247	0.856017997750281	0.00674915635545557	0.00393700787401575
8	0.0208201892744479	0.0	0.960252365930599	0.0189274447949527
9	0.0	0.0673886883273165	0.915764139590854	0.0168471720818291
10	0.770242914979757	0.175607287449393	0.0217611336032389	0.0323886639676113
11	0.0	0.00261951538965291	0.000654878847413229	0.996725605762934
12	0.0163624921334172	0.0213971050975456	0.00440528634361234	0.957835116425425
13	0.919082125603865	0.00483091787439614	0.035024154589372	0.0410628019323672
14	0.309258043335522	0.17596848325673	0.240315167432699	0.274458305975049
15	0.22521339461589	0.33946158896914	0.274458305975049	0.160866710439921
