Pos	A	C	G	T
1	0.233070866141732	0.12755905511811	0.278740157480315	0.360629921259843
2	0.0855345911949685	0.0515723270440252	0.0641509433962264	0.79874213836478
3	0.0107692307692308	0.0	0.0123076923076923	0.976923076923077
4	0.0154559505409583	0.0	0.00309119010819165	0.98145285935085
5	0.104895104895105	0.00699300699300699	0.0	0.888111888111888
6	0.990639625585023	0.0031201248049922	0.0031201248049922	0.0031201248049922
7	0.0288753799392097	0.0060790273556231	0.0	0.965045592705167
8	0.14410480349345	0.00109170305676856	0.161572052401747	0.693231441048035
9	0.311459353574927	0.0215475024485798	0.621939275220372	0.0450538687561214
10	0.0541666666666667	0.196875	0.661458333333333	0.0875
