Pos	A	C	G	T
1	0.0723499719573752	0.268648345485137	0.0353337072349972	0.62366797532249
2	0.533787323205867	0.299633315872184	0.0602409638554217	0.106338397066527
3	0.875619152449092	0.0418271876719868	0.0242157402311502	0.0583379196477711
4	0.00489296636085627	0.0140672782874618	0.00795107033639144	0.973088685015291
5	0.0245470485096435	0.037989479836353	0.0075978959672706	0.929865575686733
6	0.854457572502685	0.0177228786251343	0.0247046186895811	0.103114930182599
7	0.279493670886076	0.115443037974684	0.526075949367089	0.0789873417721519
8	0.0524457892082703	0.435199193141704	0.145234493192133	0.367120524457892
9	0.0660592255125285	0.0193621867881549	0.00854214123006834	0.906036446469248
10	0.883888888888889	0.0166666666666667	0.0505555555555556	0.0488888888888889
11	0.954981992797119	0.0138055222088836	0.0240096038415366	0.00720288115246098
12	0.0391822827938671	0.0159000567859171	0.0414537194775696	0.903463940942646
13	0.0739320920043812	0.0547645125958379	0.257940854326397	0.613362541073384
14	0.516926383664696	0.0451370231058571	0.337990327780763	0.0999462654486835
