Pos	A	C	G	T
1	0.210998062015504	0.196705426356589	0.276889534883721	0.315406976744186
2	0.091901916340408	0.0372965176179683	0.0201936946218834	0.85060787141974
3	0.797989561183066	0.0094722598105548	0.070558670017398	0.121979508988981
4	0.98921639108555	0.00215672178289001	0.00623052959501558	0.00239635753654445
5	0.0260504201680672	0.0714285714285714	0.0352941176470588	0.867226890756303
6	0.0303907380607815	0.187512921232169	0.116187719660947	0.665908621046103
7	0.323885658914729	0.163032945736434	0.229651162790698	0.28343023255814
8	0.50904832872046	0.0811156057057696	0.369810517351501	0.0400255482222695
9	0.775211267605634	0.0184037558685446	0.166948356807512	0.0394366197183099
10	0.00168147970213788	0.00312274801825607	0.00360317079029546	0.991592601489311
11	0.0786375105130362	0.0437342304457527	0.00967199327165686	0.867956265769554
12	0.783153101878202	0.0144185164105483	0.0669702143805729	0.135458167330677
13	0.255994187454589	0.147735529183822	0.326229111164931	0.270041172196658
