Pos	A	C	G	T
1	0.217110171599105	0.279283760258642	0.248943048992788	0.254663019149465
2	0.179379192013726	0.146155046014662	0.0474184994540633	0.627047262517548
3	0.669665167416292	0.0344827586206897	0.147093120106613	0.148758953856405
4	0.980966325036603	0.00219619326500732	0.0151293313811615	0.00170815031722792
5	0.0227682596934175	0.0302073940486925	0.0408025247971145	0.906221821460775
6	0.0648841961852861	0.102179836512262	0.1483310626703	0.684604904632153
7	0.444739462329904	0.225909945790464	0.256886823763691	0.072463768115942
8	0.440620542082739	0.197574893009986	0.276212553495007	0.0855920114122682
9	0.6	0.120149253731343	0.158358208955224	0.121492537313433
10	0.014547160957297	0.0309713749413421	0.011262318160488	0.943219145940873
11	0.148268238761975	0.201031687546057	0.0582166543846721	0.592483419307296
12	0.649854510184287	0.0699967668929842	0.10798577432913	0.172162948593598
13	0.260696517412935	0.24228855721393	0.289800995024876	0.207213930348259
