Pos	A	C	G	T
1	0.0425844346549192	0.0198237885462555	0.0139500734214391	0.923641703377386
2	0.86038961038961	0.0121753246753247	0.0917207792207792	0.0357142857142857
3	0.976929902395741	0.00532386867790594	0.00709849157054126	0.0106477373558119
4	0.0219298245614035	0.0116959064327485	0.033625730994152	0.932748538011696
5	0.0528913963328632	0.0267983074753173	0.103667136812412	0.816643159379408
6	0.385820895522388	0.00671641791044776	0.590298507462687	0.0171641791044776
7	0.0391236306729265	0.352112676056338	0.582942097026604	0.0258215962441315
8	0.127659574468085	0.337650323774283	0.170212765957447	0.364477335800185
9	0.0208514335360556	0.583840139009557	0.0225890529973936	0.372719374456994
10	0.793130990415335	0.0822683706070288	0.060702875399361	0.0638977635782748
11	0.907014681892333	0.0367047308319739	0.0106035889070147	0.0456769983686786
12	0.00845503458877786	0.01076095311299	0.00999231360491929	0.970791698693313
13	0.0764331210191083	0.0644019815994338	0.00778485491861288	0.851380042462845
14	0.859663191659984	0.0224538893344026	0.0392943063352045	0.078588612670409
