Pos	A	C	G	T
1	0.0975609756097561	0.128048780487805	0.134146341463415	0.640243902439024
2	0.0423728813559322	0.0423728813559322	0.0254237288135593	0.889830508474576
3	0.0260869565217391	0.0521739130434783	0.00869565217391304	0.91304347826087
4	0.248366013071895	0.0261437908496732	0.0392156862745098	0.686274509803922
5	0.846774193548387	0.032258064516129	0.0564516129032258	0.0645161290322581
6	0.0588235294117647	0.110294117647059	0.0588235294117647	0.772058823529412
7	0.0297029702970297	0.0544554455445545	0.396039603960396	0.51980198019802
8	0.475409836065574	0.0655737704918033	0.385245901639344	0.0737704918032787
9	0.100436681222707	0.458515283842795	0.174672489082969	0.266375545851528
10	0.2	0.419047619047619	0.0571428571428571	0.323809523809524
