Pos	A	C	G	T
1	0.229272850832484	0.17465171593612	0.375042473666327	0.22103295956507
2	0.162150683767944	0.292788584048246	0.280472267051729	0.264588465132082
3	0.0190682376451976	0.0	0.000666139306382447	0.98026562304842
4	0.887853991477808	0.00124439081413326	0.0804706059806177	0.0304310117274407
5	0.976039464411557	0.00555486465199188	0.0157526012519173	0.00265306968453343
6	0.00572274691852089	0.0351368656955339	0.0168881062910197	0.942252281094926
7	0.0275054362339297	0.0742761225346202	0.282798611376035	0.615419829855415
8	0.683098861501897	0.0341166098056503	0.219457967570054	0.0633265611223981
9	0.152735304111451	0.287716615698267	0.376783893985729	0.182764186204553
10	0.196644722871098	0.255850499044383	0.23096198768316	0.316542790401359
