Pos	A	C	G	T
1	0.0882007056056448	0.0658565268522148	0.0388083104664837	0.807134457075657
2	0.0309106098579783	0.0463659147869674	0.900167084377611	0.0225563909774436
3	0.848058252427184	0.0145631067961165	0.0611650485436893	0.0762135922330097
4	0.0286384976525822	0.918779342723005	0.0154929577464789	0.0370892018779343
5	0.951604686704024	0.00560366785532348	0.0371879775853286	0.00560366785532348
6	0.0433644859813084	0.0160747663551402	0.757757009345794	0.182803738317757
7	0.0879410215903107	0.316482359136388	0.568193786203265	0.0273828330700369
8	0.0210711150131694	0.0535557506584723	0.0158033362598771	0.909569798068481
9	0.046656298600311	0.0381026438569207	0.879082426127527	0.0361586314152411
10	0.168395849960096	0.0845969672785315	0.0407023144453312	0.706304868316041
11	0.0390243902439024	0.754878048780488	0.157723577235772	0.0483739837398374
12	0.714117184427841	0.0707825403067243	0.100275265434526	0.114825009830908
