Pos	A	C	G	T
1	0.209858949060878	0.258532485566031	0.334685376014032	0.196923189359059
2	0.145832572075858	0.388716337194431	0.164504695436109	0.300946395293602
3	0.0231160425335183	0.00106689427077777	0.0025961093922259	0.973220953803478
4	0.946036574826287	0.0232654613337021	0.0197047740864936	0.0109931897535175
5	0.995416848537756	0.00236432416703041	0.00221882729521315	0.0
6	0.000900738605656638	0.00410736804179427	0.00900738605656638	0.985984507295983
7	0.00775379150157125	0.0380174887279683	0.0194698729334609	0.934758846837
8	0.420822831990345	0.00376273472720173	0.550601682581378	0.0248127507010756
9	0.170217431025032	0.308021194957062	0.384323040380047	0.137438333637859
10	0.136665935832785	0.297632098224074	0.188080099393408	0.377621866549733
