Pos	A	C	G	T
1	0.096594427244582	0.192569659442724	0.638390092879257	0.0724458204334365
2	0.00627177700348432	0.274564459930314	0.000696864111498258	0.718466898954704
3	0.675180091683039	0.146692861820563	0.1683038637852	0.00982318271119843
4	0.929666366095582	0.0495942290351668	0.0162308385933273	0.00450856627592426
5	0.113384484228474	0.00767263427109974	0.0	0.878942881500426
6	0.846469622331691	0.00574712643678161	0.00246305418719212	0.145320197044335
7	0.992300288739172	0.0	0.0	0.00769971126082772
8	0.916444444444444	0.0453333333333333	0.0151111111111111	0.0231111111111111
9	0.755311355311355	0.0813186813186813	0.0798534798534798	0.0835164835164835
