Pos	A	C	G	T
1	0.0297699594046008	0.06765899864682	0.0081190798376184	0.894451962110961
2	0.936662606577345	0.0048721071863581	0.0401948842874543	0.0182704019488429
3	0.998709677419355	0.0	0.0	0.00129032258064516
4	0.011611030478955	0.00870827285921625	0.0261248185776488	0.95355587808418
5	0.0117801047120419	0.106020942408377	0.0458115183246073	0.836387434554974
6	0.174683544303797	0.0215189873417722	0.744303797468354	0.0594936708860759
7	0.0754017305315204	0.386897404202719	0.42150803461063	0.11619283065513
8	0.281944444444444	0.156944444444444	0.0986111111111111	0.4625
9	0.284745762711864	0.167796610169492	0.116101694915254	0.43135593220339
10	0.166958041958042	0.172202797202797	0.187937062937063	0.472902097902098
11	0.1796875	0.1708984375	0.12890625	0.5205078125
12	0.0234948604992658	0.0763582966226138	0.0117474302496329	0.888399412628488
13	0.862542955326461	0.00916380297823597	0.0778923253150057	0.0504009163802978
14	0.996273291925466	0.00248447204968944	0.00124223602484472	0.0
15	0.00451127819548872	0.0165413533834586	0.0511278195488722	0.92781954887218
16	0.0341997264021888	0.0656634746922025	0.0752393980848153	0.824897400820793
17	0.279393173198483	0.0240202275600506	0.653603034134008	0.0429835651074589
18	0.130162703379224	0.430538172715895	0.297872340425532	0.141426783479349
