Pos	A	C	G	T
1	0.487215909090909	0.159090909090909	0.15625	0.197443181818182
2	0.299715909090909	0.213068181818182	0.232954545454545	0.254261363636364
3	0.167374681393373	0.0994052676295667	0.135089209855565	0.598130841121495
4	0.0516795865633075	0.00387596899224806	0.0348837209302326	0.909560723514212
5	0.0420624151967436	0.00271370420624152	0.0	0.955223880597015
6	0.298611111111111	0.0180555555555556	0.00416666666666667	0.679166666666667
7	0.975069252077562	0.00415512465373961	0.00138504155124654	0.0193905817174515
8	0.00726895119418484	0.731048805815161	0.00207684319833853	0.259605399792316
9	0.0467532467532468	0.0	0.914285714285714	0.038961038961039
10	0.939919893190921	0.0213618157543391	0.0373831775700935	0.00133511348464619
11	0.00238473767885533	0.559618441971383	0.202702702702703	0.235294117647059
12	0.157670454545455	0.436079545454545	0.153409090909091	0.252840909090909
