Pos	A	C	G	T
1	0.0	0.111111111111111	0.0	0.888888888888889
2	0.681818181818182	0.181818181818182	0.136363636363636	0.0
3	0.6875	0.1875	0.125	0.0
4	0.0769230769230769	0.230769230769231	0.0	0.692307692307692
5	0.0714285714285714	0.285714285714286	0.0714285714285714	0.571428571428571
6	0.630434782608696	0.108695652173913	0.217391304347826	0.0434782608695652
7	0.114285714285714	0.342857142857143	0.514285714285714	0.0285714285714286
8	0.252100840336134	0.176470588235294	0.336134453781513	0.235294117647059
9	0.0403225806451613	0.0887096774193548	0.0645161290322581	0.806451612903226
10	0.0694444444444444	0.592592592592593	0.0185185185185185	0.319444444444444
11	0.181818181818182	0.309090909090909	0.363636363636364	0.145454545454545
12	0.706214689265537	0.141242937853107	0.0903954802259887	0.0621468926553672
13	0.0612244897959184	0.224489795918367	0.530612244897959	0.183673469387755
