Pos	A	C	G	T
1	0.239526026237833	0.0765975454930174	0.26491747778248	0.418958950486669
2	0.124270225187656	0.0658882402001668	0.15318320822908	0.656658326383097
3	0.0234705656021547	0.0169295883031935	0.0507887649095806	0.908811081185071
4	0.0315315315315315	0.00122850122850123	0.0	0.967239967239967
5	0.345755693581781	0.0	0.022360248447205	0.631884057971015
6	0.962510187449063	0.0	0.00733496332518337	0.0301548492257539
7	0.00408163265306122	0.0261224489795918	0.00571428571428571	0.964081632653061
8	0.120858164481526	0.0212157330154946	0.563051251489869	0.294874851013111
9	0.230940343781598	0.0622851365015167	0.477654196157735	0.229120323559151
10	0.0996585920988457	0.286457486587547	0.384002601203056	0.229881320110551
