Pos	A	C	G	T
1	0.243090452261307	0.264028475711893	0.301507537688442	0.191373534338358
2	0.158886330332845	0.351475821645384	0.191124136487335	0.298513711534436
3	0.0369704236610711	0.000799360511590727	0.00779376498800959	0.954436450839328
4	0.916698656429942	0.0297504798464491	0.0341650671785029	0.0193857965451056
5	1.0	0.0	0.0	0.0
6	0.0257772530499803	0.0	0.034435261707989	0.939787485242031
7	0.0123982235381199	0.0431162102146558	0.0606957809030348	0.88378978534419
8	0.410520071188452	0.0120624876408938	0.534111133082855	0.0433063080877991
9	0.173785594639866	0.291457286432161	0.375418760469012	0.159338358458961
10	0.145907473309609	0.261042495289931	0.175214569813691	0.41783546158677
