Pos	A	C	G	T
1	0.153134397409207	0.293546148507981	0.170946102243812	0.382373351839001
2	0.0191451469278718	0.0171415850400712	0.00133570792520036	0.962377560106857
3	0.9942502299908	0.00252989880404784	0.000919963201471941	0.00229990800367985
4	0.995853489979267	0.00046072333563695	0.0036857866850956	0.0
5	0.000459981600735971	0.0016099356025759	0.00367985280588776	0.9942502299908
6	0.00228571428571429	0.00525714285714286	0.00434285714285714	0.988114285714286
7	0.808641975308642	0.0592966704077815	0.127946127946128	0.00411522633744856
8	0.297233030696066	0.0594466061392131	0.637267617812365	0.00605274535235625
9	0.771000535045479	0.0670590333511682	0.0993401105760656	0.0626003210272873
10	0.00688764528626776	0.0365906155832975	0.0260439087387	0.930477830391735
11	0.061756728562487	0.0283747131233048	0.00792822866680576	0.901940329647402
12	0.943886462882096	0.0133187772925764	0.0141921397379913	0.0286026200873362
13	0.405367885238316	0.170060157334567	0.265617769551134	0.158954187875983
