Pos	A	C	G	T
1	0.256724367509987	0.146205059920107	0.212516644474035	0.384553928095872
2	0.145875723900454	0.132415088433245	0.13398027860385	0.587728909062451
3	0.0538218000904568	0.0248756218905473	0.0721393034825871	0.849163274536409
4	0.041372351160444	0.00782038345105954	0.00353178607467205	0.947275479313824
5	0.344364012409514	0.0175801447776629	0.0116339193381593	0.626421923474664
6	0.93407960199005	0.0	0.0	0.0659203980099503
7	0.011572498298162	0.0719310188336737	0.0644429316995689	0.852053551168595
8	0.0151236749116608	0.0832508833922262	0.370883392226148	0.530742049469965
9	0.507089804186361	0.00297096556380824	0.478730587440918	0.0112086428089129
10	0.0656435192220027	0.570581978422732	0.201944993162133	0.161829509193132
