Pos	A	C	G	T
1	0.0968858131487889	0.0311418685121107	0.848283204684589	0.0236891136545116
2	0.947384066587396	0.012782401902497	0.0264565992865636	0.0133769322235434
3	0.914490674318508	0.0252510760401722	0.0195121951219512	0.0407460545193687
4	0.160338876686539	0.379353624097898	0.146846564166928	0.313460935048635
5	0.307812990272984	0.197678067147788	0.441167241920301	0.0533417006589269
6	0.0325399216631516	0.00692979813196746	0.000301295570955107	0.960228984633926
7	0.00856793145654835	0.00122399020807834	0.0149938800489596	0.975214198286414
8	0.000313479623824451	0.999059561128527	0.0	0.000626959247648903
9	0.0	0.174295774647887	0.124339788732394	0.701364436619718
10	0.760439036029587	0.0699117155810069	0.169410641851587	0.000238606537819136
11	0.0	0.00062402496099844	0.994383775351014	0.00499219968798752
12	0.977907333537895	0.0144216017183185	0.000613685179502915	0.00705737956428352
13	0.913704128440367	0.0260894495412844	0.0106077981651376	0.049598623853211
