Pos	A	C	G	T
1	0.560509554140127	0.097361237488626	0.176524112829845	0.165605095541401
2	0.166939443535188	0.276128127191957	0.494739303249942	0.0621931260229133
3	0.0595712861415753	0.821784646061815	0.0545862412761715	0.0640578265204387
4	0.0211267605633803	0.0180281690140845	0.032112676056338	0.928732394366197
5	0.347724620770128	0.614060676779463	0.014585764294049	0.0236289381563594
6	0.971706454465075	0.02210433244916	0.0	0.00618921308576481
7	0.0	0.00121175401393517	0.0	0.998788245986065
8	0.0	0.00358208955223881	0.0122388059701493	0.984179104477612
9	0.969991173874669	0.00794351279788173	0.00647249190938511	0.0155928214180641
10	0.384592053381862	0.165605095541401	0.062177737336973	0.387625113739763
