Pos	A	C	G	T
1	0.0860850422894218	0.136716487081451	0.032557061754142	0.744641408874986
2	0.111939322610174	0.0162155093500719	0.840460311233163	0.0313848568065908
3	0.27203007518797	0.694436090225564	0.00451127819548872	0.0290225563909774
4	0.95753873659118	0.0153456495828367	0.0117699642431466	0.0153456495828367
5	0.0307212822796082	0.0109824873849807	0.00445235975066785	0.953843870584743
6	0.804435786003297	0.00629402068035366	0.0305709575902892	0.15869923572606
7	0.792926411865374	0.0714489446662864	0.0119794637763833	0.123645179691957
8	0.468942762874767	0.0276861282455889	0.0503514560321331	0.453019652847511
9	0.0792124023990042	0.0898494964354419	0.10365508656784	0.727283014597714
10	0.215030340749961	0.173953633110316	0.0446553601991598	0.566360665940563
11	0.641737393909136	0.0863704443334997	0.104742885671493	0.167149276085871
