Pos	A	C	G	T
1	0.0914677381233751	0.70290711415741	0.116875443157646	0.0887497045615694
2	0.254254088881546	0.0156946968445399	0.728399140921857	0.00165207335205683
3	0.0301934266394087	0.0289353671961	0.00550401006447555	0.935367196100016
4	0.00947001162983884	0.00116298388436617	0.00116298388436617	0.988204020601429
5	0.00451882845188285	0.995481171548117	0.0	0.0
6	0.00162683018395695	0.0993617820047553	0.744337379551996	0.154674008259292
7	0.932580746315459	0.0136406396989652	0.0247726560050172	0.0290059579805582
8	0.650410060142154	0.0648441771459814	0.0114816839803171	0.273264078731547
9	0.532435260266806	0.103583573110123	0.118493329845671	0.2454878367774
