Pos	A	C	G	T
1	0.469084582441114	0.0620985010706638	0.389989293361884	0.0788276231263383
2	0.731549696264702	0.0111154194132093	0.256947137133256	0.000387747188832881
3	0.000638365783593999	0.000638365783593999	0.998084902649218	0.000638365783593999
4	0.0	0.000781616382679381	0.944036267000156	0.0551821166171643
5	0.00428839453229697	0.0068346287858483	0.00455641919056553	0.984320557491289
6	0.00298156848572461	0.993675460787857	0.000903505601734731	0.00243946512468377
7	0.989863723392274	0.00135150354769681	0.00844689717310508	0.000337875886924203
8	0.29982174688057	0.389304812834225	0.109090909090909	0.201782531194296
9	0.192680166016853	0.374795623192051	0.225506225631996	0.207017985159099
10	0.492964761548998	0.171834142697049	0.160254015689204	0.174947080064749
11	0.424958077138066	0.0522638345444382	0.489659027389603	0.0331190609278927
12	0.760376175548589	0.0157993730407524	0.22307210031348	0.000752351097178683
13	0.000797829902664752	0.00015956598053295	0.997446944311473	0.0015956598053295
14	0.0	0.000621793875330328	0.846416912793409	0.152961293331261
15	0.00478730679797565	0.00574476815757078	0.00916427301326768	0.980303652031186
16	0.004410044100441	0.976959769597696	0.00639006390063901	0.012240122401224
17	0.978028876333961	0.0102531910441515	0.0102531910441515	0.00146474157773593
