Pos	A	C	G	T
1	0.609090909090909	0.0896103896103896	0.184415584415584	0.116883116883117
2	0.685543964232489	0.022354694485842	0.257824143070045	0.0342771982116244
3	0.827743902439024	0.00762195121951219	0.163109756097561	0.00152439024390244
4	0.0	0.00313971742543171	0.996860282574568	0.0
5	0.0	0.00444444444444444	0.93037037037037	0.0651851851851852
6	0.00764818355640535	0.00956022944550669	0.0344168260038241	0.948374760994264
7	0.00808080808080808	0.971717171717172	0.00404040404040404	0.0161616161616162
8	0.970414201183432	0.0014792899408284	0.0251479289940828	0.0029585798816568
9	0.247311827956989	0.111111111111111	0.043010752688172	0.598566308243728
10	0.106844741235392	0.170283806343907	0.25542570951586	0.467445742904841
11	0.269366197183099	0.137323943661972	0.0475352112676056	0.545774647887324
12	0.422752808988764	0.129213483146067	0.424157303370786	0.023876404494382
13	0.573991031390135	0.0209267563527653	0.403587443946188	0.00149476831091181
14	0.00162866449511401	0.00162866449511401	0.996742671009772	0.0
15	0.0	0.00307692307692308	0.856923076923077	0.14
16	0.0174081237911025	0.00386847195357834	0.0174081237911025	0.961315280464217
17	0.00726895119418484	0.969885773624091	0.0145379023883697	0.0083073727933541
18	0.958666666666667	0.00666666666666667	0.032	0.00266666666666667
