Pos	A	C	G	T
1	0.0104160321617835	0.0168727538527137	0.00444661022111226	0.968264603764391
2	0.998868920447405	6.28377529219555e-05	0.000628377529219555	0.000439864270453689
3	0.00169141138883668	0.002380504917622	0.000125289732506421	0.995802793961035
4	0.0013596963344853	0.000736502181179537	0.900572205540763	0.0973315959435726
5	0.000749409119732519	0.916354412866778	0.0017294056609212	0.0811667723525682
6	0.815472220797209	0.000461704201508234	0.00379623454573437	0.180269840455548
7	0.883454676818763	0.0178402712165842	0.0210081698438282	0.0776968821208248
8	0.979964243881388	0.00283583009678811	0.00579495715430615	0.0114049688675174
9	0.0843140505000276	0.0171832697939113	0.0202221117188795	0.878280567987182
