Pos	A	C	G	T
1	0.440677966101695	0.188627665390924	0.19774011299435	0.172954255513031
2	0.037619867223998	0.0580280304893042	0.0307351856405213	0.873616916646177
3	0.171571072319202	0.0625103906899418	0.641230257689111	0.124688279301746
4	0.493402180149168	0.476477337923121	0.00831899024670109	0.0218014916810098
5	0.933248971844353	0.0148687124327744	0.0079088895919013	0.0439734261309712
6	0.0250550660792952	0.00412995594713656	0.00412995594713656	0.966685022026432
7	0.642661179698217	0.0233196159122085	0.0331504343850023	0.300868770004572
8	0.762889295995813	0.0324522376341272	0.0376864695105993	0.166971996859461
9	0.119200205075622	0.0271725198667008	0.0330684439887208	0.820558831068957
10	0.0989345509893455	0.0182648401826484	0.0664637239979706	0.816336884830036
11	0.532516493873704	0.125918944392083	0.13119698397738	0.210367577756833
12	0.968046256847231	0.0109555690809495	0.0164333536214242	0.00456482045039562
13	0.0697498104624716	0.0907252969421279	0.0555976750063179	0.783927217589083
14	0.156472684085511	0.0967933491686461	0.512767220902613	0.23396674584323
