Pos	A	C	G	T
1	0.592041147807255	0.134001082837033	0.086897671900379	0.187060097455333
2	0.533474065138721	0.142038600723764	0.313027744270205	0.01145958986731
3	0.608214285714286	0.00821428571428571	0.383214285714286	0.000357142857142857
4	0.0	0.000469043151969981	0.99812382739212	0.00140712945590994
5	0.000470809792843691	0.0	0.984934086629002	0.0145951035781544
6	0.0	0.0100563153660499	0.00522928399034594	0.984714400643604
7	0.00181912681912682	0.993503118503118	0.00155925155925156	0.00311850311850312
8	0.992682150811327	0.00159083678014636	0.00572701240852689	0.0
9	0.315448325531149	0.227583723442564	0.0414115952466691	0.415556355779618
10	0.0902051877661634	0.289972899728997	0.553232675183895	0.0665892373209446
11	0.153493699885452	0.264604810996564	0.124856815578465	0.457044673539519
12	0.31196388261851	0.0234762979683973	0.635665914221219	0.0288939051918736
13	0.728704366499642	0.0175375805297065	0.253758052970651	0.0
14	0.000478927203065134	0.000478927203065134	0.998084291187739	0.000957854406130268
15	0.000466853408029879	0.000933706816059757	0.972922502334267	0.0256769374416433
16	0.00523771152296535	0.0040290088638195	0.0189363416599517	0.971796937953263
17	0.000520020800832033	0.99479979199168	0.000520020800832033	0.00416016640665627
18	0.9742587161942	0.00228087324861518	0.0234604105571848	0.0
