Pos	A	C	G	T
1	0.0987381947669918	0.585075089023069	0.272681529648552	0.0435051865613872
2	0.869421841541756	0.0041541755888651	0.0998715203426124	0.0265524625267666
3	0.969256107603623	0.0043919846280538	0.0258029096898161	0.000548998078506725
4	0.0129236669862842	0.00375203235085671	0.92516779922458	0.0581565014382791
5	0.00276243093922652	0.00189917127071823	0.994043508287293	0.00129488950276243
6	0.0636398256674988	0.00613548851182668	0.0812000169254855	0.849024668895189
7	0.00122136274473519	0.873200340501129	0.0519264221473778	0.0736518746067582
8	0.793097932578878	0.00623825328907906	0.185668012956372	0.0149958011756708
9	0.272044444444444	0.297377777777778	0.0993777777777778	0.3312
10	0.284078615218175	0.255274071402813	0.144248106743599	0.316399206635413
11	0.0551557927354106	0.279256326390084	0.10841797211224	0.557169908762265
12	0.0567069094341107	0.541114475598726	0.369696016359275	0.0324825986078886
13	0.898816440714439	0.00245319561007101	0.0656767807187433	0.0330535829567463
14	0.979088905877591	0.00553132167108873	0.0149300715024509	0.000449700948869002
15	0.00720479744596402	0.000905992493205056	0.941455627939083	0.0504335821217481
16	0.0025	0.00368421052631579	0.991973684210526	0.00184210526315789
17	0.0757966552957817	0.00386887428238622	0.104750811215575	0.815583659206257
18	0.001179897496405	0.871206813908042	0.0271007706205523	0.100512517975001
19	0.78979398979399	0.00336420336420336	0.198109998109998	0.00873180873180873
