Pos	A	C	G	T
1	0.371512875536481	0.01931330472103	0.473712446351931	0.135461373390558
2	0.00566037735849057	0.990566037735849	0.0	0.00377358490566038
3	0.0	0.0078740157480315	0.0	0.992125984251969
4	0.995260663507109	0.0	0.0	0.004739336492891
5	0.474302030456853	0.000634517766497462	0.0	0.52506345177665
6	0.81353305785124	0.0	0.00309917355371901	0.183367768595041
7	0.955124317768344	0.000909642207398423	0.000606428138265616	0.0433596118859915
8	0.985915492957746	0.0	0.0	0.0140845070422535
9	0.0	0.0	0.0	1.0
10	0.997466751108296	0.000949968334388854	0.000633312222925902	0.000949968334388854
11	0.0299694189602446	0.00581039755351682	0.963302752293578	0.000917431192660551
12	0.269701810436635	0.569222577209798	0.0263578274760383	0.134717784877529
