Pos	A	C	G	T
1	0.304978118161926	0.118025164113786	0.389496717724289	0.1875
2	0.00211698290732319	0.0371648110396738	0.000627254194762427	0.960090951858241
3	0.0241567334516865	0.085087496829825	0.865647983768704	0.0251077859497844
4	0.74174156981737	0.0254193622259117	0.0312589454399725	0.201580122516746
5	0.00136139315899938	0.998014634976459	0.000283623574791537	0.000340348289749844
6	0.000286565795506648	0.998796423658872	0.000286565795506648	0.000630444750114626
7	0.000519904931669638	0.169043374925728	0.0017825311942959	0.828654188948307
8	0.026729011096378	0.331425779886943	0.189824830762789	0.452020378253891
9	0.874831101830242	0.0191622650780002	0.104348360152315	0.00165827293944233
10	0.00126441056154704	0.127407958348829	0.0179248791372257	0.853402751952399
11	0.39232890448734	0.334356981699674	0.253823013286538	0.0194911005264477
12	0.777784259961496	0.00455049297007176	0.21690683157342	0.00075841549501196
13	0.000600520451057583	0.00413691866284113	0.99452859144592	0.000733969440181491
14	0.000800106680890785	0.00460061341512202	0.992332310974797	0.00226696892919056
15	0.191966797974114	0.0159679234665166	0.00956668542487338	0.782498593134496
16	0.00442105263157895	0.966368421052632	0.0122105263157895	0.017
17	0.945330589143298	0.0023154103421662	0.0487522510933882	0.00360174942114741
18	0.256155730308109	0.423101714580379	0.136135103777233	0.184607451334279
