Pos	A	C	G	T
1	0.165557404326123	0.279534109816972	0.0923460898502496	0.462562396006656
2	0.475665152498378	0.128487994808566	0.0914990266060999	0.304347826086957
3	0.147786083956297	0.11213341000575	0.0488786658999425	0.69120184013801
4	0.113451086956522	0.0251358695652174	0.816576086956522	0.0448369565217391
5	0.298530549110596	0.631090487238979	0.0131477184841454	0.05723124516628
6	0.910606060606061	0.0174242424242424	0.0265151515151515	0.0454545454545455
7	0.00738916256157635	0.00574712643678161	0.0	0.986863711001642
8	0.781026640675763	0.0188434048083171	0.0350877192982456	0.165042235217674
9	0.685681688533942	0.0901312036508842	0.0319452367370223	0.192241871078152
10	0.497663551401869	0.0397196261682243	0.0241433021806854	0.438473520249221
11	0.0966458214894827	0.0807276861853326	0.139283683911313	0.683342808413872
12	0.262063227953411	0.133943427620632	0.0682196339434276	0.535773710482529
13	0.651490514905149	0.0850948509485095	0.11219512195122	0.151219512195122
