Pos	A	C	G	T
1	0.00423728813559322	0.153954802259887	0.00564971751412429	0.836158192090395
2	0.0651890482398957	0.0130378096479791	0.921773142112125	0.0
3	0.896907216494845	0.0393626991565136	0.0271790065604499	0.0365510777881912
4	0.00601805416248746	0.982948846539619	0.0	0.0110330992978937
5	0.162284678150499	0.828649138712602	0.00181323662737987	0.00725294650951949
6	0.0	0.0030441400304414	0.0	0.996955859969559
7	0.0152671755725191	0.0	0.0	0.984732824427481
8	0.00457317073170732	0.0503048780487805	0.0	0.945121951219512
9	0.96950578338591	0.0	0.0304942166140904	0.0
10	0.988577362409138	0.0	0.00415368639667705	0.00726895119418484
11	0.990516332982086	0.00526870389884088	0.00421496311907271	0.0
12	0.00247218788627936	0.0	0.828182941903585	0.169344870210136
13	0.00657894736842105	0.0	0.977631578947368	0.0157894736842105
14	0.0	0.0507982583454282	0.04644412191582	0.902757619738752
15	0.000960614793467819	0.957732949087416	0.0048030739673391	0.0365033621517771
16	0.941499085923218	0.00914076782449726	0.0457038391224863	0.0036563071297989
