Pos	A	C	G	T
1	0.258805858054825	0.114532482162974	0.579421704844161	0.0472399549380398
2	0.296335823550338	0.00462468872287442	0.696282461757382	0.00275702596940591
3	0.000625111627076264	0.00116092159314163	0.996695838542597	0.00151812823718521
4	0.0298974943052392	0.00363041002277904	0.794490318906606	0.171981776765376
5	0.00667871454388308	0.00817160367722165	0.108195175610906	0.876954506167989
6	0.000887311446317658	0.990328305235137	0.000798580301685892	0.00798580301685892
7	0.993767251357849	0.000890392663164455	0.00480812038108806	0.000534235597898673
8	0.995362525639882	0.00169446178542763	0.00124855078926246	0.00169446178542763
9	0.993767251357849	0.00080135339684801	0.00489715964740451	0.000534235597898673
10	8.93655049151028e-05	0.00178731009830206	0.997408400357462	0.000714924039320822
11	0.0012232022146398	0.00173823472606708	0.718534732504989	0.278503830554304
12	0.00105587329520458	0.00835899692036956	0.00853497580290365	0.982050153981522
13	0.00132555673382821	0.986302580417108	0.00167903852951573	0.0106928243195475
14	0.783613002878607	0.00308923681808608	0.211753141894264	0.00154461840904304
