Pos	A	C	G	T
1	0.187594553706505	0.0741301059001513	0.0476550680786687	0.690620272314675
2	0.0456563094483196	0.0919467343056436	0.648700063411541	0.213696892834496
3	0.398142774230992	0.388856645385955	0.0609402205455601	0.152060359837493
4	0.00370566437268396	0.991000529380625	0.00105876124933827	0.0042350449973531
5	0.0	0.991113434396236	0.00470465237846315	0.00418191322530057
6	0.704262295081967	0.0	0.00786885245901639	0.287868852459016
7	0.0135823429541596	0.0	0.0	0.98641765704584
8	0.991379310344828	0.00492610837438424	0.00307881773399015	0.00061576354679803
9	0.0	0.00171673819742489	0.0	0.998283261802575
10	0.963212752912324	0.00367872470876763	0.0	0.0331085223789086
11	0.0496338486574451	0.0146460537021969	0.0105777054515867	0.925142392188771
12	0.0104395604395604	0.00604395604395604	0.981868131868132	0.00164835164835165
13	0.0	0.0083986562150056	0.991601343784994	0.0
14	0.1078114912847	0.0929632020658489	0.394448030987734	0.404777275661717
15	0.21342512908778	0.656339644291452	0.087205966724039	0.0430292598967298
16	0.729328165374677	0.0516795865633075	0.080749354005168	0.138242894056848
