Pos	A	C	G	T
1	0.181757209926224	0.323272971160295	0.0328638497652582	0.462105969148223
2	0.808568329718004	0.0417570498915401	0.0873101952277657	0.0623644251626898
3	0.889618138424821	0.0369928400954654	0.0686157517899761	0.00477326968973747
4	0.00393700787401575	0.978346456692913	0.00918635170603675	0.00853018372703412
5	0.0214477211796247	0.430965147453083	0.465817694369973	0.081769436997319
6	0.0321384425216316	0.0	0.92150803461063	0.0463535228677379
7	0.171339563862928	0.214563862928349	0.0334890965732087	0.580607476635514
8	0.296761401189689	0.206873760740251	0.0	0.496364838070059
9	0.365951742627346	0.186327077747989	0.096514745308311	0.351206434316354
10	0.217974513749162	0.191146881287726	0.0107310529845741	0.580147551978538
11	0.900906344410876	0.0175226586102719	0.0477341389728097	0.0338368580060423
12	0.916974169741697	0.0387453874538745	0.014760147601476	0.029520295202952
13	0.124026696329255	0.829254727474972	0.0189098998887653	0.0278086763070078
14	0.0167672702883971	0.297116029510396	0.436619718309859	0.249496981891348
15	0.0755905511811024	0.057742782152231	0.782677165354331	0.083989501312336
16	0.210596914822267	0.378269617706237	0.0583501006036217	0.352783366867874
17	0.165549597855228	0.712466487935657	0.0214477211796247	0.100536193029491
