Pos	A	C	G	T
1	0.745540138751239	0.0616947472745292	0.142220019821606	0.0505450941526264
2	0.460431654676259	0.00908746686861038	0.530480878455131	0.0
3	0.000666222518321119	0.00033311125916056	0.998667554963358	0.00033311125916056
4	0.0015802781289507	0.0	0.862515802781289	0.13590391908976
5	0.0467111534795043	0.00857959961868446	0.0155703844931681	0.929138862408643
6	0.00216763005780347	0.98145472061657	0.00481695568400771	0.0115606936416185
7	0.974457566602582	0.0	0.0252677835759407	0.000274649821477616
8	0.892819429778247	0.00527983104540655	0.0184794086589229	0.0834213305174234
9	0.850832729905865	0.00603427468018344	0.00458604875693942	0.138546946657012
10	0.862186192468619	0.00130753138075314	0.136506276150628	0.0
11	0.000679578661230037	0.0	0.998980632008155	0.000339789330615019
12	0.0	0.000539519827353655	0.758564877259239	0.240895602913407
13	0.00665399239543726	0.0041191381495564	0.00506970849176172	0.984157160963245
14	0.00048227634434531	0.971545695683627	0.00120569086086327	0.0267663371111647
15	0.998571428571429	0.000857142857142857	0.000285714285714286	0.000285714285714286
