Pos	A	C	G	T
1	0.16187806587246	0.403877598691894	0.195281476290586	0.23896285914506
2	0.155590800951626	0.142109436954798	0.21665344964314	0.485646312450436
3	0.228433672139692	0.528798540526453	0.111415168100078	0.131352619233776
4	0.834771068347711	0.039814200398142	0.0785224507852245	0.0468922804689228
5	0.0062624537432394	0.00711642470822659	0.00540848277825221	0.981212638770282
6	0.160502958579882	0.145894970414201	0.120377218934911	0.573224852071006
7	0.834564584732483	0.0434295948063577	0.0147750167897918	0.107230803671368
8	0.844617092119867	0.0368479467258602	0.0224195338512764	0.0961154273029967
9	0.164048865619546	0.031413612565445	0.0301670406382448	0.774370481176764
10	0.323631891781103	0.0272596843615495	0.0258249641319943	0.623283459725354
11	0.965750120598167	0.00602990834539315	0.00506512301013025	0.0231548480463097
12	0.0379965457685665	0.0103626943005181	0.0120898100172712	0.939550949913644
13	0.0173584905660377	0.0060377358490566	0.506666666666667	0.469937106918239
14	0.147559120453603	0.653160005531738	0.0517217535610566	0.147559120453603
15	0.818613861386139	0.06	0.0635643564356436	0.0578217821782178
16	0.193835965359144	0.220835455934794	0.161742231278655	0.423586347427407
