Pos	A	C	G	T
1	0.180623438687955	0.265015748886717	0.074725752145107	0.479635060280222
2	0.535746443363947	0.0841887268143346	0.0867999279668648	0.293264901854853
3	0.0951628478623475	0.04793257835133	0.0486348871916425	0.80826968659468
4	0.0622745597284108	0.00732017823042648	0.914491831105453	0.0159134309357097
5	0.740972297078797	0.251482160181093	0.00344939096690741	0.00409615177320254
6	0.972844463229079	0.00369822485207101	0.00528317836010144	0.0181741335587489
7	0.0278859307587078	0.0025255182573924	0.000736609491739451	0.96885194149216
8	0.96479094624332	0.00314366551398931	0.00220056585979252	0.0298648223828985
9	0.0203088639729215	0.00338481066215359	0.00243283266342289	0.973873492701502
10	0.00291419320021587	0.00334592552617377	0.430652995143011	0.563086886130599
11	0.0113187399893219	0.942018152696209	0.00555258942872397	0.0411105178857448
12	0.881390005743825	0.038483630097645	0.0253685621290446	0.054757802029485
13	0.458766648421821	0.0898558657179347	0.070242656449553	0.381134829410691
14	0.63690670142283	0.0619094167481264	0.201802975996524	0.0993809058325187
