Pos	A	C	G	T
1	0.151318303400841	0.224047891988282	0.604763724366323	0.0198700802445548
2	0.570580886945659	0.061524047470331	0.366021236727046	0.0018738288569644
3	0.000587429018993538	0.000195809672997846	0.997846093597024	0.00137066771098492
4	0.0	0.0	0.909142425387231	0.0908575746127692
5	0.000692760651195012	0.00381018358157257	0.0152407343262903	0.980256321440942
6	0.000254226515825601	0.976229820770306	0.0138553451124952	0.00966060760137282
7	0.993979623340537	0.0	0.00586600802716888	0.000154368632293918
8	0.940676702936354	0.0116261737963929	0.0081979430615591	0.0394991802056938
9	0.852117440129888	0.0025706940874036	0.0553375727235827	0.089974293059126
10	0.949525387976495	0.0028627391893928	0.0474612023504595	0.000150670483652253
11	0.000971817298347911	0.0	0.998833819241983	0.000194363459669582
12	0.0	0.0	0.785232795108951	0.214767204891049
13	0.00419653785626858	0.00349711488022382	0.00699422976044763	0.98531211750306
14	0.000252365930599369	0.97993690851735	0.00958990536277603	0.0102208201892744
15	0.995406918329267	0.000143533802210421	0.00373187885747093	0.000717669011052103
16	0.276092321091595	0.47887937291334	0.177093917840035	0.0679343881550298
17	0.549377321389557	0.103561284684291	0.175114703954555	0.171946689971597
