Pos	A	C	G	T
1	0.383275261324042	0.0252613240418118	0.501742160278746	0.0897212543554007
2	0.745308310991957	0.0	0.254244861483467	0.000446827524575514
3	0.00236127508854782	0.0	0.967729240456513	0.029909484454939
4	0.000425894378194208	0.0	0.974020442930153	0.0255536626916525
5	0.0	0.00601295097132285	0.000925069380203515	0.993061979648474
6	0.0197815175671686	0.866548568054325	0.0	0.113669914378506
7	0.996320147194112	0.0	0.0	0.00367985280588776
8	0.980030721966206	0.000768049155145929	0.00460829493087558	0.0145929339477727
9	0.986657050126217	0.0	0.0129823296069239	0.000360620266858997
10	0.0	0.0	0.996043521266073	0.0039564787339268
11	0.0	0.0	0.976572958500669	0.0234270414993307
12	0.0	0.00410340582683627	0.00328272466146902	0.992613869511695
13	0.0	0.922597572974746	0.0163988192850115	0.0610036077402427
14	0.921079958463136	0.00155763239875389	0.0721703011422638	0.00519210799584631
