Pos	A	C	G	T
1	0.468191485392336	0.0617514271855528	0.421215626282601	0.0488414611395097
2	0.691173654987555	0.0140723721998851	0.294275320696917	0.000478652115642351
3	0.000234962406015038	0.0	0.999765037593985	0.0
4	0.0	0.00021742281490071	0.8674445571822	0.132338020002899
5	0.00197063750123165	0.00344861562715538	0.00630604000394127	0.988274706867672
6	0.000234870429812887	0.990605182807485	0.00297502544429656	0.00618492131840601
7	0.998081480645525	0.000225708159349961	0.0016928111951247	0.0
8	0.95619981228491	0.00511002190009386	0.0118886223798102	0.0268015434351862
9	0.900081234768481	0.00132006498781478	0.0627538586515028	0.0358448415922015
10	0.958580497450307	0.000416276407534603	0.0410032261421584	0.0
11	7.53465943339361e-05	7.53465943339361e-05	0.99962326702833	0.000226039783001808
12	0.0	0.00016767270288397	0.779510395707579	0.220321931589537
13	0.000607841150845912	0.00405227433897275	0.00516664978219025	0.990173234727991
14	0.0	0.98554864728617	0.00562930599899177	0.00882204671483784
15	0.990578297595841	0.000433181719731427	0.00888022525449426	0.000108295429932857
16	0.461782906840609	0.202207727044656	0.103278140157217	0.232731225957518
