Pos	A	C	G	T
1	0.627049180327869	0.0983606557377049	0.165983606557377	0.108606557377049
2	0.599137931034483	0.0021551724137931	0.383620689655172	0.0150862068965517
3	0.899772209567198	0.00227790432801822	0.0979498861047836	0.0
4	0.0	0.0	1.0	0.0
5	0.0	0.0	0.94234592445328	0.0576540755467197
6	0.0	0.002	0.004	0.994
7	0.00677200902934537	0.986455981941309	0.0	0.00677200902934537
8	1.0	0.0	0.0	0.0
9	0.322654462242563	0.331807780320366	0.160183066361556	0.185354691075515
10	0.122317596566524	0.435622317596566	0.253218884120172	0.188841201716738
11	0.652838427947598	0.139737991266376	0.0502183406113537	0.157205240174672
12	0.480369515011547	0.0069284064665127	0.498845265588915	0.0138568129330254
13	0.765217391304348	0.0	0.234782608695652	0.0
14	0.0	0.0	0.998015873015873	0.00198412698412698
15	0.00198019801980198	0.0	0.843564356435644	0.154455445544554
16	0.0	0.00419287211740042	0.00838574423480084	0.987421383647799
17	0.00403225806451613	0.983870967741935	0.0120967741935484	0.0
18	0.98744769874477	0.00209205020920502	0.0104602510460251	0.0
