Pos	A	C	G	T
1	0.763245356793744	0.0363636363636364	0.187781036168133	0.0126099706744868
2	0.00305810397553517	0.000127420998980632	0.00191131498470948	0.994903160040775
3	0.00216753793191381	0.00102001785031238	0.995537421904883	0.00127502231289048
4	0.99769997444416	0.000511116790186558	0.00153335037055967	0.000255558395093279
5	0.994522990701821	0.000509489237039868	0.00356642465927907	0.00140109540185964
6	0.000638243553740107	0.000510594842992086	0.00217002808271636	0.996681133520551
7	0.00115074798619102	0.000511443549418233	0.132080296637259	0.866257511827132
8	0.0901523882699449	0.10078114995518	0.422333205275964	0.386733256498911
9	0.000383288616328095	0.878753034368213	0.00204420595374984	0.118819471061709
10	0.997317665091327	0.000894111636224294	0.00166049303870226	0.000127730233746328
11	0.00253982913876703	0.00069268067420919	0.901408450704225	0.0953590394827984
12	0.00127291242362525	0.00165478615071283	0.00318228105906314	0.993890020366599
13	0.000255297421496043	0.996681133520551	0.00255297421496043	0.000510594842992086
