Pos	A	C	G	T
1	0.346042120551924	0.180101670297749	0.101307189542484	0.372549019607843
2	0.499098557692308	0.111478365384615	0.277043269230769	0.112379807692308
3	0.814229249011858	0.0802371541501976	0.091699604743083	0.0138339920948617
4	0.0106065628107391	0.967848856479947	0.0135896586012595	0.00795492210805436
5	0.0102547138604036	0.960965927886206	0.0195170360568971	0.00926232219649355
6	0.179979518689196	0.0145929339477727	0.790322580645161	0.0151049667178699
7	0.0135179690075833	0.947246950214309	0.019782393669634	0.0194526871084735
8	0.879191919191919	0.0242424242424242	0.0270707070707071	0.0694949494949495
9	0.754116355653128	0.0234174899377973	0.196121478229052	0.026344676180022
10	0.844211344211344	0.0582750582750583	0.0773115773115773	0.0202020202020202
11	0.04384	0.90752	0.03008	0.01856
12	0.0266579973992198	0.921001300390117	0.0273081924577373	0.0250325097529259
13	0.288510101010101	0.0486111111111111	0.638573232323232	0.0243055555555556
14	0.0387794024157661	0.891290527654164	0.033375715193897	0.0365543547361729
15	0.700671140939597	0.087248322147651	0.148322147651007	0.063758389261745
16	0.435690729204837	0.133382191278857	0.278856724074753	0.152070355441554
