Pos	A	C	G	T
1	0.24890085950806	0.0996356002693389	0.610191309858597	0.0412722303640036
2	0.410275631415062	0.0038442317302887	0.584438549955791	0.00144158689885826
3	0.00284708561962936	0.00199295993374055	0.991044621596439	0.00411533285019153
4	0.00322029763356916	0.00175652598194682	0.888363015369602	0.106660161014882
5	0.00114288493337224	0.00265052037739519	0.00904581266413773	0.987160782025095
6	0.00203345771665758	0.929562701773511	0.0120959288918704	0.0563079116179615
7	0.99586171221657	0.00109923269247349	0.0025864298646435	0.000452625226312613
8	0.972359434732185	0.00191142992139513	0.0178256947725613	0.00790344057385851
9	0.968732611394085	0.00156229936223944	0.0292984633822711	0.000406625861404785
10	0.000976000400410421	0.00177682124177282	0.995970870141895	0.00127630821592132
11	0.00151195161754824	0.00203993472208889	0.916410674858405	0.0800374388019583
12	0.00109202819418247	0.00282934577583639	0.00662662563287998	0.989452000397101
13	0.00137338681548657	0.952345657481688	0.00758632717125916	0.0386946285315661
14	0.943841003294718	0.00335848655542566	0.0520140291210543	0.000786481028802211
