Pos	A	C	G	T
1	0.289439374185137	0.0	0.301173402868318	0.409387222946545
2	0.966799468791501	0.0	0.0332005312084993	0.0
3	0.0	0.0	0.997685185185185	0.00231481481481481
4	0.0	0.0034443168771527	0.975889781859931	0.0206659012629162
5	0.168243953732913	0.0	0.00630914826498423	0.825446898002103
6	0.0	0.633198380566802	0.0364372469635627	0.330364372469636
7	0.872646733111849	0.0	0.127353266888151	0.0
8	0.00492610837438424	0.118226600985222	0.449507389162562	0.427339901477833
9	0.00539374325782093	0.138079827400216	0.0226537216828479	0.833872707659115
10	0.221105527638191	0.712562814070352	0.0663316582914573	0.0
11	1.0	0.0	0.0	0.0
12	0.993614303959132	0.0	0.00638569604086846	0.0
13	0.0	0.0	0.996602491506229	0.00339750849377123
14	0.00677966101694915	0.0	0.993220338983051	0.0
15	0.00636942675159236	0.00127388535031847	0.0	0.992356687898089
16	0.0	0.870775347912525	0.00397614314115308	0.125248508946322
17	0.903078677309008	0.023945267958951	0.0729760547320411	0.0
