Pos	A	C	G	T
1	0.355107713690063	0.100466593864787	0.471557629306066	0.0728680631390847
2	0.51833077920547	0.00660143817045856	0.463279500176824	0.0117882824472474
3	0.0115433452614568	0.0103890107353111	0.961214359921505	0.0168532840817269
4	0.00707574527317017	0.00313188725205893	0.965897227699803	0.0238951397749681
5	0.0100651950131534	0.0102939494452705	0.0272217774219375	0.952419078119639
6	0.00543659158992566	0.923887717741041	0.0183068900477089	0.0523688006213248
7	0.931119311193112	0.00715643520071564	0.0535614447053561	0.00816280890081628
8	0.689083703614747	0.0948721027981266	0.070493575117089	0.145550618470037
9	0.54989792242104	0.0289419959168968	0.291941875825627	0.129218205836436
10	0.811816980905488	0.00396301188903567	0.181097634201994	0.00312237300348265
11	0.00331047528966659	0.00650271931898794	0.984511704894774	0.00567510049657129
12	0.00582886453718816	0.00431335975751923	0.970739100023315	0.0191186756819772
13	0.00173390359496012	0.0131776673216969	0.0225407467344816	0.962547682348861
14	0.00510204081632653	0.923580301685892	0.0159716060337178	0.0553460514640639
15	0.924913917583028	0.00433188937020993	0.0636454515161613	0.00710874153060091
16	0.369520835835235	0.246307193467035	0.159961570793803	0.224210399903927
