Pos	A	C	G	T
1	0.563365828630067	0.131862493586455	0.0928681375064135	0.211903540277065
2	0.787843366452367	0.0192869666861484	0.13968439509059	0.0531852717708942
3	0.842342342342342	0.00128700128700129	0.156370656370656	0.0
4	0.0	0.0	0.999491094147583	0.000508905852417303
5	0.0	0.000506842372022301	0.983781044095286	0.0157121135326913
6	0.00332963374028857	0.00221975582685905	0.00832408435072142	0.986126526082131
7	0.000749625187406297	0.986506746626687	0.00674662668665667	0.00599700149925037
8	0.991421568627451	0.0	0.00857843137254902	0.0
9	0.940856970428485	0.00663850331925166	0.00181050090525045	0.0506940253470127
10	0.877737226277372	0.0024330900243309	0.105231143552311	0.0145985401459854
11	0.980903882877148	0.0	0.0190961171228517	0.0
12	0.000506842372022301	0.0	0.999493157627978	0.0
13	0.0	0.000488519785051295	0.866634098680997	0.132877381533952
14	0.000578034682080925	0.0046242774566474	0.0023121387283237	0.992485549132948
15	0.000704225352112676	0.992253521126761	0.00140845070422535	0.00563380281690141
16	0.996811224489796	0.0	0.00191326530612245	0.00127551020408163
