Pos	A	C	G	T
1	0.315823817292007	0.19673735725938	0.119086460032626	0.368352365415987
2	0.463154779520568	0.109499852027227	0.292098253921278	0.135247114530926
3	0.761142362613587	0.106447425356988	0.113803548247512	0.0186066637819126
4	0.00276352151598895	0.991314646664035	0.00236873272799053	0.00355309909198579
5	0.000796178343949045	0.992436305732484	0.0035828025477707	0.00318471337579618
6	0.264928193499622	0.00755857898715042	0.704837490551776	0.0226757369614512
7	0.00913786253476361	0.973778307508939	0.00595947556615018	0.011124354390147
8	0.68026418026418	0.0668220668220668	0.176379176379176	0.0765345765345765
9	0.450929899856938	0.0924177396280401	0.256366237482117	0.200286123032904
10	0.513565891472868	0.0748062015503876	0.130232558139535	0.281395348837209
11	0.665156662891657	0.0437901094752737	0.126085315213288	0.164967912419781
12	0.775587248322148	0.0788590604026846	0.129614093959732	0.0159395973154362
13	0.00681909346169274	0.972723626153229	0.00922583233052547	0.0112314480545527
14	0.00884599919581825	0.975472456775231	0.0128669079211902	0.00281463610776035
15	0.339716583684412	0.0130218307162007	0.609728073535044	0.0375335120643432
16	0.0248543689320388	0.929708737864078	0.0155339805825243	0.0299029126213592
17	0.65815395840934	0.0769792046698285	0.170010944910617	0.0948558920102153
18	0.404318374259102	0.166807790008467	0.268416596104996	0.160457239627434
