Pos	A	C	G	T
1	0.327361563517915	0.152551574375679	0.0998914223669924	0.420195439739414
2	0.523021904336164	0.0804649083594099	0.279392042914618	0.117121144389808
3	0.776035834266517	0.0632698768197088	0.131578947368421	0.0291153415453527
4	0.0121212121212121	0.932121212121212	0.0387878787878788	0.016969696969697
5	0.0104230533415083	0.942366646229307	0.0312691600245248	0.0159411404046597
6	0.164104397568824	0.0146585627457991	0.801573114050769	0.0196639256346085
7	0.0123380629241209	0.953732264034547	0.00987045033929673	0.0240592227020358
8	0.849665246500304	0.00669506999391357	0.0346926354230067	0.108947048082775
9	0.736438356164384	0.0394520547945205	0.2	0.0241095890410959
10	0.812206572769953	0.0528169014084507	0.0974178403755869	0.0375586854460094
11	0.0565002742731761	0.858475041140976	0.0669226549643445	0.018102029621503
12	0.04296875	0.864955357142857	0.0407366071428571	0.0513392857142857
13	0.215072719259586	0.0502423975319524	0.701630674305862	0.0330542089026003
14	0.0553505535055351	0.80021085925145	0.0622034791776489	0.0822351080653664
15	0.644632206759443	0.0834990059642147	0.185884691848907	0.0859840954274354
16	0.39912039582188	0.11654755360088	0.322155030236394	0.162177020340847
