Pos	A	C	G	T
1	0.1378896882494	0.227178257394085	0.139488409272582	0.495443645083933
2	0.0373109974980964	0.00576525617317524	0.0218644620907212	0.935059284238007
3	0.00113186191284663	0.00101867572156197	0.0012450481041313	0.99660441426146
4	0.0	0.153100403148397	0.00105586484929929	0.845843732002304
5	0.000130403599139336	0.999869596400861	0.0	0.0
6	0.0257794492296494	0.919386145820696	0.0487686521897367	0.00606575275991751
7	0.971875	0.00078125	0.0266493055555556	0.000694444444444444
8	0.000691802144586648	0.018102156116684	0.000230600714862216	0.980975441023867
9	0.00917126337475909	0.0489134046653818	0.873861899381937	0.0680534325779225
10	0.000152660102282269	7.63300511411343e-05	0.999465689642012	0.000305320204564537
11	0.840087700686046	0.00134380083457104	0.158002687601669	0.000565810877714124
12	0.999915803654121	8.41963458785889e-05	0.0	0.0
13	0.908033414005777	0.0571473182918261	0.00249824342259349	0.0323210242798033
14	0.510355130033272	0.218781829293135	0.145243430433897	0.125619610239696
