Pos	A	C	G	T
1	0.347222222222222	0.0555555555555556	0.597222222222222	0.0
2	0.825545171339564	0.0	0.165109034267913	0.00934579439252336
3	0.0	0.0	1.0	0.0
4	0.00543478260869565	0.0	0.994565217391304	0.0
5	0.0	0.0	0.00263852242744063	0.997361477572559
6	0.0	0.927677329624478	0.00139082058414465	0.0709318497913769
7	0.940952380952381	0.0571428571428571	0.0	0.0019047619047619
8	0.953051643192488	0.00938967136150235	0.0164319248826291	0.0211267605633803
9	0.518867924528302	0.0	0.29559748427673	0.185534591194969
10	1.0	0.0	0.0	0.0
11	0.0	0.0	1.0	0.0
12	0.0	0.0	0.96875	0.03125
13	0.00539083557951483	0.0	0.0	0.994609164420485
14	0.0	0.995594713656388	0.0	0.00440528634361234
15	0.98021978021978	0.0	0.0197802197802198	0.0
