Pos	A	C	G	T
1	0.884912064177723	0.0154273372415921	0.0826905276149337	0.0169700709657513
2	0.960551033187226	0.0156543519098309	0.0225422667501565	0.00125234815278647
3	0.00648648648648649	0.0	0.953513513513514	0.04
4	0.00167832167832168	0.0	0.996083916083916	0.00223776223776224
5	0.057556080283353	0.00324675324675325	0.0841204250295159	0.855076741440378
6	0.00421718502899315	0.805745914602003	0.0239852398523985	0.166051660516605
7	0.779711721512102	0.00326353005167256	0.211857492521077	0.00516725591514822
8	0.181589695256048	0.250078542255734	0.114043355325165	0.454288407163054
9	0.169549104385423	0.214638665843113	0.201976528721433	0.413835701050031
10	0.032377428307123	0.215849522047487	0.068763490595128	0.683009559050262
11	0.130172413793103	0.458908045977012	0.356896551724138	0.0540229885057471
12	0.774722059684026	0.00175541252194266	0.199824458747806	0.0236980690462259
13	0.959583588487446	0.028169014084507	0.0122473974280465	0.0
14	0.00882185543540125	0.000569151963574274	0.971257825839499	0.0193511667615253
15	0.0	0.000828500414250207	0.99806683236675	0.00110466721900028
16	0.0492447129909366	0.000906344410876133	0.108761329305136	0.841087613293051
17	0.00238473767885533	0.908585055643879	0.0132485426603074	0.0757816640169581
18	0.858219773847492	0.00956799072194839	0.12902290518991	0.00318933024064946
