Pos	A	C	G	T
1	0.0568655992236778	0.00436681222707424	0.0524987869966036	0.886268801552644
2	0.0	0.000892237533458908	0.00109051254089422	0.998017249925647
3	0.00123817104448572	0.0805695586804634	0.000884407888918369	0.917307862386132
4	0.000173862648507679	0.993914807302231	0.00226021443059983	0.00365111561866126
5	0.00479521606679454	0.962653728985671	0.0212681936139005	0.0112828613336342
6	0.803844356937863	0.0175532269905893	0.158579723686845	0.0200226923847027
7	0.0473377320853153	0.409390823998772	0.0323001381003529	0.510971305815559
8	0.386757529867071	0.1293959279825	0.0588086824835941	0.425037859666835
9	0.506591980326525	0.0399617460209031	0.401871712548671	0.0515745611039005
10	0.0083210202970682	0.298545765611634	0.012987012987013	0.680146201104285
11	0.0141355786368385	0.0805113391924282	0.901604080880093	0.00374900129063979
12	0.00134680134680135	0.000269360269360269	0.998383838383838	0.0
13	0.906914018814552	0.0	0.092888625748306	0.000197355437142293
14	0.997577626073552	0.0	0.00176172649196212	0.000660647434485796
15	0.896381578947368	0.0568506864988558	0.00550629290617849	0.0412614416475973
