Pos	A	C	G	T
1	0.566321730950141	0.0404515522107244	0.370649106302916	0.0225776105362183
2	0.839231547017189	0.0070778564206269	0.153690596562184	0.0
3	0.0	0.0	0.998377939983779	0.0016220600162206
4	0.00081366965012205	0.0	0.920260374288039	0.0789259560618389
5	0.00368663594470046	0.00368663594470046	0.00645161290322581	0.986175115207373
6	0.0	0.991666666666667	0.00555555555555556	0.00277777777777778
7	0.996194100856327	0.0	0.00285442435775452	0.000951474785918173
8	0.973807296538821	0.00280636108512629	0.00467726847521048	0.0187090739008419
9	0.919815668202765	0.000921658986175115	0.0470046082949309	0.032258064516129
10	0.93609022556391	0.0018796992481203	0.0610902255639098	0.00093984962406015
11	0.000864304235090752	0.0	0.999135695764909	0.0
12	0.0	0.000838222967309304	0.851634534786253	0.147527242246438
13	0.000974658869395711	0.00292397660818713	0.0146198830409357	0.981481481481482
14	0.000894454382826476	0.986583184257603	0.00626118067978533	0.00626118067978533
15	0.99802371541502	0.0	0.0	0.00197628458498024
