Pos	A	C	G	T
1	0.884328358208955	0.0	0.111940298507463	0.00373134328358209
2	0.00826446280991736	0.00826446280991736	0.975206611570248	0.00826446280991736
3	0.00389105058365759	0.0116731517509728	0.801556420233463	0.182879377431907
4	0.00383141762452107	0.00383141762452107	0.0268199233716475	0.96551724137931
5	0.0	0.986072423398329	0.00557103064066852	0.00835654596100279
6	0.996825396825397	0.0	0.0	0.00317460317460317
7	0.284210526315789	0.484210526315789	0.0596491228070175	0.171929824561404
8	0.139622641509434	0.275471698113208	0.271698113207547	0.313207547169811
9	0.215827338129496	0.384892086330935	0.0647482014388489	0.334532374100719
10	0.737541528239203	0.0498338870431894	0.0598006644518272	0.152823920265781
11	0.768953068592058	0.0108303249097473	0.205776173285199	0.0144404332129964
12	0.9	0.0107142857142857	0.0892857142857143	0.0
13	0.0	0.0045045045045045	0.995495495495496	0.0
14	0.0	0.00446428571428571	0.861607142857143	0.133928571428571
15	0.0	0.00425531914893617	0.0	0.995744680851064
16	0.00255754475703325	0.989769820971867	0.0	0.00767263427109974
17	0.982517482517482	0.0	0.0174825174825175	0.0
