Pos	A	C	G	T
1	0.128404239658472	0.219858678050935	0.103047254526719	0.548689827763875
2	0.0437752250853772	0.621484011176653	0.304315429990686	0.0304253337472835
3	0.949194626599605	0.0	0.0383905265168396	0.0124148468835551
4	0.996590909090909	0.000802139037433155	0.00227272727272727	0.000334224598930481
5	0.000788125574674898	0.000459739918560357	0.979180349402338	0.0195717851044266
6	0.0	0.00113788487282463	0.997925033467202	0.000937081659973226
7	0.0290175826878151	0.00252059510635682	0.0518873724332964	0.916574449772532
8	0.000425092609461347	0.905386530637032	0.0164571567377179	0.0777312200157892
9	0.900084520647187	0.00205264428881913	0.0942405216131369	0.00362231345085728
10	0.288751760681468	0.215104970152257	0.0792138976457173	0.416929371520558
