Pos	A	C	G	T
1	0.834285714285714	0.0	0.125714285714286	0.04
2	0.204678362573099	0.0350877192982456	0.742690058479532	0.0175438596491228
3	0.0	0.0	1.0	0.0
4	0.0	0.0	0.0	1.0
5	0.0	0.0	1.0	0.0
6	0.00806451612903226	0.0	0.0	0.991935483870968
7	0.0287769784172662	0.0431654676258993	0.690647482014389	0.237410071942446
8	1.0	0.0	0.0	0.0
9	0.333333333333333	0.222222222222222	0.180555555555556	0.263888888888889
10	0.0975609756097561	0.0792682926829268	0.664634146341463	0.158536585365854
11	0.0	0.0	0.714285714285714	0.285714285714286
12	0.0	0.053030303030303	0.0	0.946969696969697
13	0.0	0.0616438356164384	0.938356164383562	0.0
14	0.0	0.137931034482759	0.0137931034482759	0.848275862068966
15	0.0	0.248407643312102	0.67515923566879	0.0764331210191083
16	0.986206896551724	0.0	0.0137931034482759	0.0
