Pos	A	C	G	T
1	0.167832167832168	0.251748251748252	0.34032634032634	0.24009324009324
2	0.928725701943845	0.0431965442764579	0.0172786177105832	0.0107991360691145
3	0.983981693363844	0.0137299771167048	0.0	0.0022883295194508
4	0.0	1.0	0.0	0.0
5	0.997679814385151	0.0	0.0	0.00232018561484919
6	0.763765541740675	0.232682060390764	0.0	0.00355239786856128
7	0.0	0.0	0.0	1.0
8	0.713101160862355	0.0	0.149253731343284	0.137645107794362
9	0.4	0.244186046511628	0.202325581395349	0.153488372093023
10	0.0	1.0	0.0	0.0
11	1.0	0.0	0.0	0.0
12	0.0	0.0	0.0	1.0
13	0.0	0.0	0.0	1.0
14	0.00460829493087558	0.0	0.990783410138249	0.00460829493087558
15	0.00451467268623025	0.018058690744921	0.00677200902934537	0.970654627539503
16	0.0132743362831858	0.0154867256637168	0.0199115044247788	0.951327433628319
17	0.188372093023256	0.481395348837209	0.104651162790698	0.225581395348837
