Pos	A	C	G	T
1	0.703918722786647	0.0023844080447854	0.101389176860875	0.192307692307692
2	0.162995139104354	0.103733581549281	0.63760471610301	0.0956665632433551
3	0.00118374325923977	0.000526108115217677	0.994870445876628	0.0034197027489149
4	0.00117233294255569	0.0147192913898658	0.00833658981372932	0.975771785853849
5	0.000922266139657444	0.00144927536231884	0.995652173913044	0.00197628458498024
6	0.00729101194217473	0.0520427404148334	0.00465116279069767	0.936015084852294
7	0.00327085167945654	0.0317021008931941	0.717448735690024	0.247578311737325
8	0.998420221169036	0.000921537651395471	0.000658241179568194	0.0
9	0.839613970588235	0.00344669117647059	0.107192095588235	0.0497472426470588
10	0.748744769874477	0.0365062761506276	0.0980125523012552	0.11673640167364
11	0.608814086973441	0.0652787236112462	0.0807471543924506	0.245160035022862
12	0.610726176549987	0.140916044272474	0.093224151894178	0.155133627283362
13	0.931339139214944	0.000378644452858766	0.0381168749211157	0.0301653414110817
14	0.187612633975149	0.0866925922412976	0.602579910841317	0.123114862942237
15	0.0010533245556287	0.00157998683344305	0.990915075707702	0.00645161290322581
16	0.0483592400690846	0.0513200098692327	0.00382432765852455	0.896496422403158
17	0.000659108884787767	0.0	0.999340891115212	0.0
18	0.0428398058252427	0.0362864077669903	0.00218446601941748	0.918689320388349
19	0.00574835001064509	0.0184160102192889	0.803172237598467	0.172663402171599
20	0.991480996068152	0.00340760157273919	0.00419397116644823	0.000917431192660551
