Pos	A	C	G	T
1	0.887587822014052	0.105386416861827	0.00702576112412178	0.0
2	1.0	0.0	0.0	0.0
3	0.0	0.992146596858639	0.00785340314136126	0.0
4	0.992146596858639	0.0	0.0	0.00785340314136126
5	0.853603603603604	0.146396396396396	0.0	0.0
6	0.0	0.0	0.0	1.0
7	0.954659949622166	0.0	0.0302267002518892	0.0151133501259446
8	0.55	0.352380952380952	0.0666666666666667	0.030952380952381
9	0.0	1.0	0.0	0.0
10	1.0	0.0	0.0	0.0
11	0.0	0.0	0.0	1.0
12	0.0	0.0	0.0	1.0
13	0.0	0.0	1.0	0.0
14	0.0	0.0230179028132992	0.00767263427109974	0.969309462915601
15	0.005249343832021	0.0	0.0	0.994750656167979
