Pos	A	C	G	T
1	0.265509674845402	0.0656293636544983	0.5114701775384	0.1573907839617
2	0.971517147839566	0.00348769618291029	0.0178260027126526	0.00716915326487115
3	0.951062215477997	0.0379362670713202	0.00815629742033384	0.00284522003034901
4	0.0	0.997413964591207	0.0	0.00258603540879252
5	1.0	0.0	0.0	0.0
6	0.997017299661961	0.00298270033803937	0.0	0.0
7	0.0	0.000597966912497508	0.0	0.999402033087503
8	0.0562425209413642	0.00219385719984045	0.824092540885521	0.117471080973275
9	0.134250947536405	0.0817873528825055	0.448434071414323	0.335527628166766
10	0.0428884899261919	0.302214242968282	0.00279273887891482	0.652104528226611
11	0.998605855407289	0.000796654052977495	0.0	0.000597490539733121
12	0.000544662309368192	0.00068082788671024	0.316040305010893	0.682734204793028
13	0.0170354415508126	0.000587429018993538	0.000587429018993538	0.9817897004112
14	0.0	0.000597966912497508	0.999402033087503	0.0
15	0.00763956904995103	0.000587659157688541	0.00959843290891283	0.982174338883448
16	0.0229697956230783	0.0387050099475493	0.0314704286489419	0.90685476578043
17	0.259724715739078	0.366646718531817	0.206263714342709	0.167364851386395
