Pos	A	C	G	T
1	0.0718989143975796	0.00444919024737498	0.895177077771846	0.0284748175831999
2	0.000353731871241599	0.0	0.998938804386275	0.000707463742483198
3	0.0	0.0159276797244942	0.00172191132156694	0.982350408953939
4	0.000763213127265789	0.000763213127265789	0.998473573745468	0.0
5	0.00750853242320819	0.0229806598407281	0.00068259385665529	0.968828213879408
6	0.00247807853602745	0.00228745711017918	0.978459778879146	0.0167746854746474
7	0.992670771034887	0.00469070653767224	0.0	0.00263852242744063
8	0.265393794749403	0.0770883054892601	0.0181384248210024	0.639379474940334
9	0.765785609397944	0.069995105237396	0.143906020558003	0.0203132648066569
10	0.00456308464522017	0.00433493041295916	0.000456308464522017	0.990645676477299
11	0.157906409403415	0.802838766910623	0.0290530051009093	0.0102018185850521
12	0.983046058208534	0.0	0.00678157671658661	0.0101723650748799
13	0.00206878717351952	0.997414016033101	0.0	0.000517196793379881
14	0.997166336072542	0.00170019835647492	0.0	0.00113346557098328
15	0.00769019500137325	0.989014007140895	0.00329579785773139	0.0
16	0.0532869968143643	0.915435852881552	0.0127425427164784	0.018534607587605
