Pos	A	C	G	T
1	0.344405594405594	0.00699300699300699	0.211538461538462	0.437062937062937
2	0.849925705794948	0.0341753343239227	0.0802377414561664	0.0356612184249629
3	0.0733137829912024	0.0498533724340176	0.838709677419355	0.0381231671554252
4	0.0	0.0	0.934640522875817	0.065359477124183
5	0.0	0.0	0.0171821305841924	0.982817869415808
6	0.0	0.00173310225303293	0.991334488734835	0.00693240901213172
7	0.0135135135135135	0.00168918918918919	0.0185810810810811	0.966216216216216
8	0.0674157303370786	0.0140449438202247	0.803370786516854	0.115168539325843
9	0.971137521222411	0.00169779286926995	0.0101867572156197	0.0169779286926995
10	0.705302096177559	0.0197287299630086	0.0653514180024661	0.209617755856967
11	0.268760907504363	0.104712041884817	0.523560209424084	0.102966841186736
