Pos	A	C	G	T
1	0.0231641202562839	0.00361425989814358	0.0139641859701002	0.959257433875472
2	0.0100033909799932	0.0	0.989996609020007	0.0
3	0.996586448199351	0.000512032770097286	0.00290151903055129	0.0
4	0.998119658119658	0.0	0.00188034188034188	0.0
5	0.00136472193790515	0.000511770726714432	0.00204708290685773	0.996076424428523
6	0.038020208939887	0.00154135982188731	0.763829422846378	0.196609008391848
7	0.127590340811783	0.0909402294913513	0.377119369755095	0.404350059941771
8	0.0118170919678027	0.328823428669293	0.00719301250214078	0.652166466860764
9	0.992689561373682	0.0018701122067324	0.00442026521591295	0.00102006120367222
10	0.0	0.0	0.307639602603631	0.692360397396369
11	0.000171115674195756	0.000684462696783025	0.0	0.999144421629021
12	0.00407747196738022	0.992014950730547	0.00390757730207271	0.0
13	0.970901230462255	0.00631858995676754	0.0207848353841038	0.00199534419687396
