Pos	A	C	G	T
1	0.999659168370825	0.0	0.000340831629175187	0.0
2	0.0	0.0	0.0	1.0
3	0.0	1.0	0.0	0.0
4	1.0	0.0	0.0	0.0
5	1.0	0.0	0.0	0.0
6	0.0	0.0	0.0	1.0
7	0.0	0.000338180588434224	0.00777815353398715	0.991883665877579
8	0.118209474141678	0.00412863972186006	0.637331594958714	0.240330291177749
9	0.0	1.0	0.0	0.0
10	0.999318568994889	0.000340715502555366	0.000340715502555366	0.0
11	0.0	0.0003382949932341	0.992219215155616	0.0074424898511502
12	0.000340367597004765	0.0010211027910143	0.000340367597004765	0.998298162014976
13	0.000340831629175187	0.0	0.999659168370825	0.0
14	0.998978201634877	0.000340599455040872	0.000681198910081744	0.0
15	0.0013550135501355	0.00237127371273713	0.002710027100271	0.993563685636856
