Pos	A	C	G	T
1	0.0226703406813627	0.0920591182364729	0.0148421843687375	0.870428356713427
2	0.270390509144834	0.540978744438952	0.15363321799308	0.034997528423134
3	0.760724346076459	0.0119919517102616	0.170945674044266	0.0563380281690141
4	0.00724559316535092	0.985400670487726	0.0056234454417649	0.00173029090515843
5	0.893372019222051	0.00344546196391332	0.100734427418624	0.0024480913954121
6	0.0192549183758895	0.949874424445375	0.0210339053997488	0.00983675177898702
7	0.10111753371869	0.619576107899807	0.130867052023121	0.148439306358382
8	0.0794808476425659	0.12881180727043	0.0352610118876701	0.756446333199334
9	0.245606478290834	0.263008270158511	0.154117849758787	0.337267401791868
10	0.277569775357386	0.21570796460177	0.254765146358067	0.251957113682777
11	0.370098241558656	0.0891604061751837	0.330553950301329	0.210187401964831
12	0.763342187877324	0.0280930532077598	0.138130886259358	0.0704338726555582
13	0.126765066339852	0.102946661693398	0.680183300474237	0.0901049714925135
14	0.00691405011100539	0.0281002220107834	0.948937519822391	0.0160482080558199
15	0.00346575957897439	0.0881201463320711	0.0117450741287466	0.896669019960208
16	0.00178441609939859	0.000726984336792016	0.996431167801203	0.00105743176260657
17	0.0793010752688172	0.159654043945769	0.013148667601683	0.747896213183731
18	0.0312544598258884	0.0740687883545026	0.71699728842586	0.177679463393749
19	0.882634622334659	0.0070473436935309	0.0923382724972895	0.0179797614745211
