Pos	A	C	G	T
1	0.207391374058041	0.250841750841751	0.188632355299022	0.353134519801186
2	0.364055558679638	0.135185289321262	0.337457121970421	0.163302030028679
3	0.835443037974684	0.0156720916214587	0.0240439354363405	0.124840934967517
4	0.0412154031287605	0.00864921780986763	0.0119584837545126	0.938176895306859
5	0.046155630291082	0.216224051954076	0.0143221616606749	0.723298156094167
6	0.713983172113789	0.0164844599622231	0.215671684505752	0.0538606834182359
7	0.945358090185676	0.00621447517999242	0.00818491852974612	0.0402425161045851
8	0.120436003744817	0.0196602915607864	0.0257456199010298	0.834158084793366
9	0.174282498593134	0.339504783342712	0.123691615081598	0.362521102982555
10	0.340681362725451	0.174909819639279	0.270140280561122	0.214268537074148
