Pos	A	C	G	T
1	0.183762169680111	0.0742350486787204	0.420723226703755	0.321279554937413
2	0.902132998745295	0.0128607277289837	0.0396800501882058	0.0453262233375157
3	0.00225381414701803	0.000346740638002774	0.000173370319001387	0.997226074895978
4	0.002081526452732	0.000173460537727667	0.99774501300954	0.0
5	0.998784511199861	0.000173641257162702	0.000694565028650807	0.000347282514325404
6	0.998784511199861	0.000347282514325404	0.000520923771488106	0.000347282514325404
7	0.000173731758165393	0.000347463516330785	0.000173731758165393	0.999305072967338
8	0.0	0.000347584289190129	0.700729927007299	0.298922488703511
9	0.200452016689847	0.240264255910987	0.374652294853964	0.184631432545202
10	0.000173580975525082	0.497309494879361	0.00138864780420066	0.501128276340913
11	0.999305072967338	0.000173731758165393	0.000347463516330785	0.000173731758165393
12	0.000841632767569084	0.000841632767569084	0.191471454621967	0.806845279842895
13	0.00121338186860808	0.00104004160166407	0.000693361067776044	0.997053215461952
14	0.000694444444444444	0.998611111111111	0.000347222222222222	0.000347222222222222
15	0.997918112421929	0.000693962526023595	0.000693962526023595	0.000693962526023595
16	0.0892103676913804	0.00678119349005425	0.0372212176009644	0.866787221217601
17	0.402886454529647	0.0526864893062076	0.417666492783864	0.126760563380282
