Pos	A	C	G	T
1	0.728879234427288	0.0689250278870428	0.186989960664592	0.0152057770210767
2	0.750778816199377	0.186915887850467	0.00623052959501558	0.0560747663551402
3	0.0	0.996153846153846	0.0	0.00384615384615385
4	0.941818181818182	0.0254545454545455	0.0254545454545455	0.00727272727272727
5	0.0	0.0	1.0	0.0
6	0.0	0.984790874524715	0.0152091254752852	0.0
7	0.0226415094339623	0.0	0.0	0.977358490566038
8	0.0	0.0	0.996153846153846	0.00384615384615385
9	0.722007722007722	0.0	0.0	0.277992277992278
10	0.00342465753424658	0.0684931506849315	0.0410958904109589	0.886986301369863
