Pos	A	C	G	T
1	0.217019068621092	0.158710598002335	0.471397068361655	0.152873265014918
2	0.345073015093877	0.214627561664008	0.222604000490858	0.217695422751258
3	0.398556379243075	0.185134607881389	0.205130706203668	0.211178306671869
4	0.490244201742545	0.0855319671125291	0.221744999386428	0.202478831758498
5	0.875859845227859	0.00741616509028375	0.0774935511607911	0.0392304385210662
6	0.118676302776721	0.0460251046025105	0.774914416127805	0.0603841764929631
7	0.0	0.0042501517911354	0.989556769884639	0.00619307832422587
8	0.00274536719286205	0.0531914893617021	0.0118965911690689	0.932166552276367
9	0.000977756049865558	0.0	0.995966756294305	0.00305548765582987
10	0.0286730384529896	0.0609024227606135	0.00477883974216493	0.905645699044232
11	0.0186335403726708	0.0929951690821256	0.702984817115252	0.185386473429952
12	0.991845180136319	0.00109542356377799	0.00255598831548199	0.00450340798442064
13	0.720858895705521	0.0814723926380368	0.0484662576687117	0.14920245398773
14	0.33219696969697	0.303314393939394	0.228219696969697	0.136268939393939
15	0.140648913376186	0.118074686256504	0.376415671870217	0.364860728497092
