Pos	A	C	G	T
1	0.962777080719364	0.00878293601003764	0.0117105813467169	0.0167294019238812
2	0.991813873330461	0.000861697544161999	0.00603188280913399	0.001292546316243
3	0.000432525951557093	0.995674740484429	0.000432525951557093	0.00346020761245675
4	0.997400346620451	0.0	0.000433275563258232	0.00216637781629116
5	0.939975500204165	0.046141282155982	0.0126582278481013	0.00122498979175174
6	0.0	0.0	0.0	1.0
7	0.437880104257168	0.0143353605560382	0.079496090356212	0.468288444830582
8	0.268027801911381	0.109904430929626	0.317115551694179	0.304952215464813
9	0.0374084072502892	0.887774778249132	0.0115696104897802	0.0632472040107983
10	0.999565783760313	0.0	0.000434216239687364	0.0
11	0.0	0.00201884253028264	0.223418573351279	0.774562584118439
12	0.00342906129447064	0.0	0.00985855122160309	0.986712387483926
13	0.0013009540329575	0.0	0.998265394622723	0.000433651344319167
14	0.00214868929952729	0.00472711645896003	0.00386764073914912	0.989256553502364
15	0.0185261424454508	0.0177027583367641	0.0160559901193907	0.947715109098394
