Pos	A	C	G	T
1	0.977228869162486	0.00501736781165573	0.0177537630258587	0.0
2	0.988676298320968	0.0	0.0093713393205779	0.00195236235845373
3	0.0	1.0	0.0	0.0
4	0.997243009058685	0.00275699094131548	0.0	0.0
5	0.964939024390244	0.0270579268292683	0.00800304878048781	0.0
6	0.0	0.0	0.0	1.0
7	0.235387045813586	0.0233017377567141	0.207345971563981	0.533965244865719
8	0.165086887835703	0.144944707740916	0.340047393364929	0.349921011058452
9	0.0314814814814815	0.937777777777778	0.00592592592592593	0.0248148148148148
10	0.996850393700787	0.0	0.0	0.0031496062992126
11	0.0028328611898017	0.0	0.10056657223796	0.896600566572238
12	0.00313971742543171	0.0	0.00313971742543171	0.993720565149137
13	0.0	0.0	1.0	0.0
14	0.00314218381775334	0.0	0.002356637863315	0.994501178318932
15	0.00764525993883792	0.0122324159021407	0.0122324159021407	0.967889908256881
