Pos	A	C	G	T
1	0.849199288256228	0.0195729537366548	0.0791814946619217	0.0520462633451957
2	0.0821242019733024	0.0330818340104469	0.788160185722577	0.0966337782936738
3	0.00102145045965271	0.00612870275791624	0.991147429349677	0.00170241743275451
4	0.00140252454417952	0.076437587657784	0.0073632538569425	0.914796633941094
5	0.000683060109289617	0.0	0.998975409836066	0.000341530054644809
6	0.0333792154163799	0.0836200963523744	0.00447350309704061	0.878527185134205
7	0.0229007633587786	0.0798346055979644	0.856234096692112	0.041030534351145
8	0.992381919756221	0.00203148806500762	0.00507872016251905	0.000507872016251904
9	0.694323144104803	0.0864628820960699	0.0777292576419214	0.141484716157205
10	0.543929712460064	0.0862619808306709	0.0571086261980831	0.312699680511182
11	0.200129954515919	0.0194931773879142	0.214424951267057	0.56595191682911
12	0.00147004777655274	0.00220507166482911	0.00147004777655274	0.994854832782065
13	0.120067453625632	0.603709949409781	0.246543001686341	0.0296795952782462
14	0.861074123391034	0.00488237905015535	0.115845539280959	0.0181979582778518
15	0.00142993326978074	0.992850333651096	0.00142993326978074	0.00428979980934223
16	0.894248608534323	0.000927643784786642	0.102968460111317	0.00185528756957328
17	0.00417633410672854	0.961948955916473	0.0111368909512761	0.022737819025522
18	0.0609318996415771	0.583251873574454	0.18475073313783	0.171065493646139
19	0.0896722325293754	0.118119975262832	0.0253555967841682	0.766852195423624
