Pos	A	C	G	T
1	0.908256880733945	0.0681520314547838	0.00786369593709043	0.0157273918741809
2	0.0	0.0	0.0	1.0
3	0.0	0.0	1.0	0.0
4	1.0	0.0	0.0	0.0
5	0.961165048543689	0.0305131761442441	0.00832177531206657	0.0
6	0.0	0.0	0.0	1.0
7	0.95850622406639	0.0	0.0304287690179806	0.0110650069156293
8	0.741176470588235	0.101604278074866	0.0545454545454545	0.102673796791444
9	0.0	1.0	0.0	0.0
10	1.0	0.0	0.0	0.0
11	0.0	0.0	0.0	1.0
12	0.0	0.0	0.0	1.0
13	0.0	0.99	0.0	0.01
14	0.997122302158273	0.0	0.0	0.00287769784172662
15	0.0	0.0141043723554302	0.00846262341325811	0.977433004231312
