Pos	A	C	G	T
1	0.45125348189415	0.167130919220056	0.1991643454039	0.182451253481894
2	0.0163710777626194	0.0	0.00545702592087312	0.978171896316507
3	0.0	0.0	0.995833333333333	0.00416666666666667
4	0.997218358831711	0.0	0.0	0.00278164116828929
5	0.885185185185185	0.114814814814815	0.0	0.0
6	0.00413793103448276	0.00413793103448276	0.00275862068965517	0.988965517241379
7	0.701117318435754	0.00279329608938547	0.141061452513966	0.155027932960894
8	0.363509749303621	0.299442896935933	0.17966573816156	0.157381615598886
9	0.0	0.991701244813278	0.0	0.00829875518672199
10	0.993074792243767	0.0	0.00692520775623269	0.0
11	0.0072289156626506	0.0	0.128915662650602	0.863855421686747
12	0.0	0.0	0.0	1.0
13	0.0	0.988965517241379	0.0	0.0110344827586207
14	0.956	0.012	0.0106666666666667	0.0213333333333333
15	0.146443514644351	0.218967921896792	0.143654114365411	0.490934449093445
