Pos	A	C	G	T
1	0.314407381121363	0.190205819730305	0.237757274662881	0.257629524485451
2	0.623324396782842	0.0462466487935657	0.321045576407507	0.00938337801608579
3	0.0283018867924528	0.0188679245283019	0.00336927223719677	0.949460916442049
4	0.00422535211267606	0.992253521126761	0.0028169014084507	0.000704225352112676
5	0.983938547486033	0.0	0.00418994413407821	0.0118715083798883
6	0.00279329608938547	0.983938547486033	0.00488826815642458	0.00837988826815642
7	0.190079016681299	0.182616330114135	0.618525021949078	0.00877963125548727
8	0.00349895031490553	0.986004198740378	0.0	0.0104968509447166
9	0.00747556066705003	0.810235767682576	0.144910868315124	0.0373778033352501
10	0.993653032440056	0.0	0.00211565585331453	0.00423131170662906
11	0.00210084033613445	0.684173669467787	0.0119047619047619	0.301820728291317
12	0.212207239176721	0.492547906316537	0.0688431511710433	0.226401703335699
