Pos	A	C	G	T
1	0.568527918781726	0.253807106598985	0.124365482233503	0.0532994923857868
2	0.749163879598662	0.127090301003344	0.0802675585284281	0.0434782608695652
3	0.0384615384615385	0.957264957264957	0.00427350427350427	0.0
4	0.96969696969697	0.0	0.025974025974026	0.00432900432900433
5	0.00619195046439629	0.693498452012384	0.123839009287926	0.176470588235294
6	0.647398843930636	0.0	0.34393063583815	0.00867052023121387
7	0.0	0.00884955752212389	0.0	0.991150442477876
8	0.0	0.0	1.0	0.0
9	0.0182926829268293	0.115853658536585	0.182926829268293	0.682926829268293
10	0.0855745721271394	0.207823960880196	0.158924205378973	0.547677261613692
