Pos	A	C	G	T
1	0.187365398420675	0.300789662598708	0.33883704235463	0.173007896625987
2	0.422724496029322	0.0891875381795968	0.427611484422725	0.0604764813683568
3	0.0	0.00784034212401996	0.0	0.99215965787598
4	0.023976023976024	0.0564435564435564	0.695304695304695	0.224275724275724
5	0.937373737373737	0.0	0.0390572390572391	0.0235690235690236
6	0.0	0.821238938053097	0.0	0.178761061946903
7	0.192106790481718	0.0	0.807893209518282	0.0
8	0.0108991825613079	0.0408719346049046	0.0	0.948228882833787
9	0.268186226964113	0.675072744907856	0.0528612997090204	0.00387972841901067
10	0.978215038650738	0.00702740688685875	0.0147575544624034	0.0
11	0.0384146341463415	0.439634146341463	0.11280487804878	0.409146341463415
12	0.167385057471264	0.364224137931034	0.264367816091954	0.204022988505747
