Pos	A	C	G	T
1	0.293040293040293	0.0989010989010989	0.415750915750916	0.192307692307692
2	0.241758241758242	0.0366300366300366	0.661172161172161	0.0604395604395604
3	0.0420932878270762	0.621160409556314	0.195676905574517	0.141069397042093
4	0.708171206225681	0.234760051880674	0.0570687418936446	0.0
5	0.0500736377025037	0.42120765832106	0.14580265095729	0.382916053019146
6	0.00364963503649635	0.996350364963504	0.0	0.0
7	0.998171846435101	0.0	0.00182815356489945	0.0
8	0.0	0.0482529118136439	0.908485856905158	0.043261231281198
9	0.0716510903426791	0.850467289719626	0.0763239875389408	0.00155763239875389
10	0.0	0.00182815356489945	0.0	0.998171846435101
11	0.0	0.0	0.998171846435101	0.00182815356489945
12	0.343434343434343	0.168831168831169	0.444444444444444	0.0432900432900433
13	0.00768245838668374	0.0486555697823303	0.244558258642766	0.69910371318822
14	0.14413407821229	0.232402234636872	0.610055865921788	0.0134078212290503
15	0.111721611721612	0.615384615384615	0.0256410256410256	0.247252747252747
16	0.162705667276051	0.471663619744059	0.113345521023766	0.252285191956124
