Pos	A	C	G	T
1	0.407181338835397	0.103478908757451	0.463921366345713	0.0254183860614397
2	0.00042489214276376	0.00225519675774611	0.00375866126291018	0.99356124983658
3	0.000851477922393869	0.00130762680939059	0.924431334387544	0.0734095608806715
4	0.992004960187965	0.00398120349823783	0.00225166427359353	0.00176217204020363
5	0.00225859247135843	0.99505728314239	0.000654664484451719	0.00202945990180033
6	0.00196335078534031	0.000818062827225131	0.99473167539267	0.0024869109947644
7	0.00143659396630534	0.00222019067519916	0.00382003395585739	0.992523181402638
8	0.0738702025424244	0.924487561583845	0.00100358858950186	0.000638647284228453
9	0.99398358565216	0.00395644639178629	0.00163489520321747	0.000425072752836543
10	0.0234662224264706	0.457261029411765	0.103429457720588	0.415843290441176
