Pos	A	C	G	T
1	0.0783120308378982	0.407892067356462	0.402921485088253	0.110874416717387
2	0.0534805672837501	0.096676410089856	0.0433041030637653	0.806538919562629
3	0.73810298102981	0.149593495934959	0.0656910569105691	0.0466124661246612
4	0.924881995954147	0.0435603506405934	0.0134861766689144	0.0180714767363452
5	0.0151603498542274	0.0135568513119534	0.0364431486880466	0.934839650145773
6	0.0244915810190247	0.0537940083096436	0.31554778045047	0.606166630220862
7	0.660325185267116	0.0358367437230395	0.273642296206172	0.0301957748036722
8	0.110663335213992	0.274038849036834	0.567905214798098	0.047392600951076
9	0.0305762446099569	0.568247745981968	0.312112896903175	0.0890631125049
10	0.0888389993585632	0.319034637588198	0.55620590121873	0.0359204618345093
11	0.0552581734332537	0.594663592193033	0.227538499547064	0.122539734826649
12	0.0467776645146676	0.17601087325858	0.0310340921961717	0.746177370030581
13	0.717165471184764	0.201706653475142	0.0441503833786792	0.0369774919614148
14	0.917953116066324	0.024442538593482	0.0121497998856489	0.0454545454545455
15	0.0496823379923761	0.0257941550190597	0.0390088945362135	0.885514612452351
16	0.0510529019003595	0.059065228556754	0.426194144838213	0.463687724704674
17	0.508444162972345	0.0528815706143129	0.377770740975301	0.060903525438041
18	0.150510994115825	0.416640858883039	0.313409724372871	0.119438422628265
