Pos	A	C	G	T
1	0.395923129273747	0.158667401237969	0.28395501831027	0.161454451178015
2	0.478011472275335	0.102731957092394	0.158861846582623	0.260394724049648
3	0.0769621682665161	0.0518633540372671	0.0	0.871174477696217
4	0.0	0.0	1.0	0.0
5	0.0	0.0278504142906651	0.0	0.972149585709335
6	0.976240192356365	0.0	0.0237598076436345	0.0
7	0.123251003771748	0.0	0.0614125806059131	0.815336415622338
8	0.0	1.0	0.0	0.0
9	0.501197667152677	0.100708185794626	0.302202666111227	0.0958914809414705
10	0.396895355997019	0.0812457465080857	0.133227468645688	0.388631428849208
11	0.243251126162621	0.103639368700781	0.109148653465988	0.54396085167061
