Pos	A	C	G	T
1	0.12280701754386	0.333333333333333	0.0982456140350877	0.445614035087719
2	0.937293729372937	0.033003300330033	0.0297029702970297	0.0
3	0.0101010101010101	0.0336700336700337	0.0	0.956228956228956
4	0.00342465753424658	0.0136986301369863	0.972602739726027	0.0102739726027397
5	0.0196078431372549	0.928104575163399	0.00980392156862745	0.042483660130719
6	0.0218068535825545	0.0311526479750779	0.884735202492212	0.0623052959501558
7	0.00350877192982456	0.0	0.996491228070175	0.0
8	0.0	0.0135593220338983	0.96271186440678	0.023728813559322
9	0.0184049079754601	0.0613496932515337	0.049079754601227	0.871165644171779
10	0.797752808988764	0.0617977528089888	0.106741573033708	0.0337078651685393
11	0.00347222222222222	0.986111111111111	0.0	0.0104166666666667
12	0.0236486486486486	0.959459459459459	0.00337837837837838	0.0135135135135135
13	0.724489795918367	0.221938775510204	0.0127551020408163	0.0408163265306122
14	0.0	0.0204081632653061	0.965986394557823	0.0136054421768707
15	0.00977198697068404	0.925081433224756	0.00325732899022801	0.0618892508143322
16	0.975945017182131	0.0103092783505155	0.013745704467354	0.0
17	0.0207715133531157	0.0178041543026706	0.118694362017804	0.84272997032641
18	0.362676056338028	0.22887323943662	0.288732394366197	0.119718309859155
