Pos	A	C	G	T
1	0.145457168769066	0.312453623546871	0.445749855717701	0.0963393519663616
2	0.115920521065216	0.286441586280815	0.403804930332262	0.193832962321708
3	0.012655300026434	0.185798308220989	0.0	0.801546391752577
4	0.838245965651888	0.129513804899962	0.0262966930439891	0.00594353640416048
5	0.988166283072285	0.0037680510010795	0.0	0.00806566592663503
6	0.0350035232055457	0.0	0.0410405835190158	0.923955893275438
7	0.0561442114941143	0.0254872111775966	0.187122251194478	0.731246326133812
8	0.593399538569566	0.00463436653626241	0.379937807202327	0.0220282876918447
9	0.119694115039344	0.293069227126636	0.48881142131724	0.0984252365167804
10	0.0675021126615413	0.359028794030958	0.237628047900736	0.335841045406765
