Pos	A	C	G	T
1	0.585763717251606	0.110591830315014	0.103266975239294	0.200377477194086
2	0.817548921224285	0.0476668339187155	0.00671098845960863	0.128073256397391
3	0.194917102966841	0.710896596858639	0.0369764397905759	0.0572098603839442
4	0.06913131050614	0.846923526736404	0.0837502436488857	0.000194919108569943
5	0.0860583992717597	0.912751207898607	0.00119039282963378	0.0
6	0.000230078993787867	7.66929979292891e-05	0.999693228008283	0.0
7	0.000383435582822086	0.0	0.999616564417178	0.0
8	0.999693228008283	7.66929979292891e-05	7.66929979292891e-05	0.000153385995858578
9	0.992689056431346	7.61556621734826e-05	0.000228466986520448	0.0070063209199604
10	0.203372416293968	0.00882388492687054	0.787803698779161	0.0
11	0.0289444188039823	0.105426254368036	0.00619766598536296	0.859431660842619
12	0.453974520007177	0.104551707638017	0.325737185238352	0.115736587116454
