Pos	A	C	G	T
1	0.116844527176238	0.367344579204773	0.331444890219792	0.184366003399198
2	0.0523663560568906	0.0683545855811672	0.0144188327611574	0.864860225600785
3	0.847807296301004	0.0662895640015254	0.0277106902249905	0.05819244947248
4	0.950133891101904	0.0103382582166505	0.00321072194615046	0.0363171287352953
5	0.0111696165576206	0.00290644631546021	0.013567760602664	0.972356176524255
6	0.0350994180407372	0.0141125121241513	0.112439379243453	0.838348690591659
7	0.851208546285978	0.00558480318692439	0.106008787098592	0.0371978634285056
8	0.195578903326282	0.203017131168499	0.487808279677367	0.113595685827852
9	0.079514251904275	0.455900093059593	0.236911340632575	0.227674314403557
10	0.206977597395153	0.271387952580771	0.43351448029167	0.088119969732407
11	0.106133936246629	0.487311736790664	0.151364209088447	0.25519011787426
12	0.0511311290817893	0.0656029276282117	0.00362114853106766	0.879644794758931
13	0.870658112986633	0.0567006537223144	0.0115255146843594	0.0611157186066933
14	0.960923715620135	0.00793980280228334	0.00282823040996367	0.0283082511676181
15	0.0851932087258804	0.00376593279258401	0.0127210438813038	0.898319814600232
16	0.0693063439955439	0.0349968594081466	0.337583996017967	0.558112800578343
17	0.590512157638285	0.015118121492989	0.352756168169742	0.0416135526989838
18	0.19935994414058	0.323146747352496	0.340532991970208	0.136960316536716
