Pos	A	C	G	T
1	0.641221374045801	0.129770992366412	0.145038167938931	0.083969465648855
2	0.166666666666667	0.0833333333333333	0.0	0.75
3	0.454918032786885	0.00409836065573771	0.540983606557377	0.0
4	0.00709219858156028	0.0283687943262411	0.0283687943262411	0.936170212765957
5	0.949640287769784	0.0215827338129496	0.0	0.0287769784172662
6	0.985074626865672	0.0	0.0149253731343284	0.0
7	0.970588235294118	0.0	0.0294117647058824	0.0
8	0.0	0.819875776397516	0.0124223602484472	0.167701863354037
9	1.0	0.0	0.0	0.0
10	0.949640287769784	0.0	0.0	0.0503597122302158
11	0.949640287769784	0.0	0.0359712230215827	0.0143884892086331
12	0.0413793103448276	0.6	0.0551724137931034	0.303448275862069
13	0.737430167597765	0.11731843575419	0.0614525139664804	0.0837988826815642
14	0.439393939393939	0.113636363636364	0.174242424242424	0.272727272727273
15	0.348484848484849	0.272727272727273	0.106060606060606	0.272727272727273
