Pos	A	C	G	T
1	0.286	0.088	0.316	0.31
2	0.0966767371601208	0.0287009063444109	0.117824773413897	0.756797583081571
3	0.0	0.0117647058823529	0.00588235294117647	0.982352941176471
4	0.0212765957446809	0.00773694390715667	0.00193423597678917	0.969052224371373
5	0.333973128598848	0.0134357005758157	0.0249520153550864	0.62763915547025
6	0.963461538461538	0.0	0.0153846153846154	0.0211538461538462
7	0.00790513833992095	0.0	0.00197628458498024	0.990118577075099
8	0.0118110236220472	0.0	0.986220472440945	0.00196850393700787
9	0.101123595505618	0.118913857677903	0.310861423220974	0.469101123595506
10	0.105424769703173	0.327533265097236	0.512794268167861	0.0542476970317298
11	0.0570032573289902	0.10586319218241	0.0211726384364821	0.815960912052117
12	0.0751633986928105	0.011437908496732	0.0947712418300654	0.818627450980392
13	0.0721003134796238	0.0642633228840125	0.0783699059561129	0.785266457680251
14	0.12375249500998	0.163672654690619	0.0918163672654691	0.620758483033932
