Pos	A	C	G	T
1	0.305035971223022	0.146762589928058	0.029393627954779	0.518807810894142
2	0.691521011528449	0.0542952770546672	0.213090368166605	0.0410933432502789
3	0.0465337132003799	0.660018993352327	0.0727174060507394	0.220729887396554
4	0.185209749626928	0.0081246891062842	0.806665561266788	0.0
5	0.0615441311958725	0.0368527731711811	0.00515938824396536	0.896443707388981
6	0.515132924335378	0.479754601226994	0.00122699386503067	0.00388548057259714
7	0.919659735349716	0.0684310018903592	0.00056710775047259	0.0113421550094518
8	0.958431836091411	0.00788022064617809	0.0238376674546887	0.00985027580772262
9	0.0	0.899094437257439	0.0	0.100905562742561
10	0.959376848747782	0.00216919739696312	0.0311575626109249	0.00729639124433051
11	0.238486842105263	0.425370065789474	0.0824424342105263	0.253700657894737
