Pos	A	C	G	T
1	0.557377049180328	0.0983606557377049	0.0327868852459016	0.311475409836066
2	0.245283018867925	0.264150943396226	0.150943396226415	0.339622641509434
3	0.514285714285714	0.238095238095238	0.133333333333333	0.114285714285714
4	0.0	0.0	0.990654205607477	0.00934579439252336
5	0.0	1.0	0.0	0.0
6	0.00934579439252336	0.0	0.990654205607477	0.0
7	0.00934579439252336	0.0	0.0	0.990654205607477
8	0.00884955752212389	0.938053097345133	0.0353982300884956	0.0176991150442478
9	0.304761904761905	0.304761904761905	0.0952380952380952	0.295238095238095
10	0.367924528301887	0.113207547169811	0.0754716981132075	0.443396226415094
11	0.266666666666667	0.152380952380952	0.333333333333333	0.247619047619048
12	0.0350877192982456	0.0350877192982456	0.929824561403509	0.0
13	1.0	0.0	0.0	0.0
14	0.0	0.981481481481482	0.0	0.0185185185185185
15	0.0	0.0	1.0	0.0
16	0.0	1.0	0.0	0.0
17	0.150943396226415	0.179245283018868	0.19811320754717	0.471698113207547
18	0.349056603773585	0.169811320754717	0.264150943396226	0.216981132075472
19	0.34375	0.0703125	0.1015625	0.484375
