Pos	A	C	G	T
1	0.00544464609800363	0.000604960677555959	0.00254083484573503	0.991409558378705
2	0.0638806649965839	0.00307447050785698	0.654406741061262	0.278638123434297
3	0.196477091726787	0.034385833411412	0.767731659327274	0.00140541553452637
4	0.00133950316609839	0.997808085728203	0.0	0.000852411105698977
5	0.00024375380865326	0.0	0.998659354052407	0.00109689213893967
6	0.000365719858588321	0.0	0.998902840424235	0.000731439717176643
7	0.999268292682927	0.000365853658536585	0.0	0.000365853658536585
8	0.0	0.000244021473889702	0.0	0.99975597852611
9	0.0	0.000609384521633151	0.998659354052407	0.000731261425959781
10	0.00539733578318787	0.940973817179605	0.0266421681212678	0.0269866789159394
11	0.206248474493532	0.375396631681718	0.263119355626068	0.155235538198682
