Pos	A	C	G	T
1	0.285359801488834	0.126550868486352	0.334987593052109	0.253101736972705
2	0.527114967462039	0.0195227765726681	0.344902386117137	0.108459869848156
3	0.00468384074941452	0.941451990632319	0.0468384074941452	0.00702576112412178
4	0.0289855072463768	0.971014492753623	0.0	0.0
5	0.0	0.0	0.980487804878049	0.0195121951219512
6	0.014018691588785	0.0	0.939252336448598	0.0467289719626168
7	0.909502262443439	0.085972850678733	0.0	0.00452488687782805
8	0.915717539863326	0.00911161731207289	0.0159453302961276	0.0592255125284738
9	0.186311787072243	0.0399239543726236	0.76425855513308	0.00950570342205323
10	0.0	0.17658349328215	0.0518234165067179	0.771593090211132
11	0.216417910447761	0.22636815920398	0.440298507462687	0.116915422885572
