Pos	A	C	G	T
1	0.240957406132905	0.092758277892483	0.345186204787031	0.321098111187581
2	0.104474209176404	0.0433171843830151	0.106868053576518	0.745340552864064
3	0.00638503229638429	0.00215309228599005	0.0205657435592843	0.970896131858341
4	0.00728763379640173	0.0	0.0	0.992712366203598
5	0.225405977877148	0.00517768886796893	0.0	0.769416333254883
6	0.993089307411908	0.0	0.0	0.00691069258809235
7	0.00233542548533061	0.0306524594949642	0.0126258940300686	0.954386220989637
8	0.0572137176088258	0.0168476866501326	0.3667578893355	0.559180706405542
9	0.440893102920936	0.0	0.559106897079064	0.0
10	0.0188629641800854	0.859480775550444	0.0373973052908314	0.0842589549786395
11	0.116081670107823	0.355433203334098	0.0931406285845377	0.435344497973541
