Pos	A	C	G	T
1	0.299626739056668	0.247709535120461	0.2711231761113	0.181540549711571
2	0.274949083503055	0.278004073319756	0.0543109300746775	0.392735913102512
3	0.0	0.000337952010814464	0.995606623859412	0.00405542412977357
4	0.997629529292245	0.000338638672536404	0.00135455469014561	0.000677277345072807
5	0.0	0.000678195998643608	0.000339097999321804	0.998982706002035
6	0.99864406779661	0.000338983050847458	0.0	0.00101694915254237
7	0.996617050067659	0.0010148849797023	0.0010148849797023	0.0013531799729364
8	0.0121073298429319	0.0107984293193717	0.964005235602094	0.0130890052356021
9	0.174753987105531	0.137427892772311	0.365117068204954	0.322701051917204
10	0.267051238547676	0.223277909738717	0.230403800475059	0.279267051238548
11	0.321683067526298	0.363759755683746	0.130641330166271	0.183915846623685
12	0.0104952443424073	0.966218432272876	0.0150869137422106	0.00819940964250574
13	0.0	0.0	0.0	1.0
14	0.000677736360555744	0.0	0.00101660454083362	0.998305659098611
15	0.99864406779661	0.000338983050847458	0.000338983050847458	0.000677966101694915
16	0.000677277345072807	0.00169319336268202	0.0	0.997629529292245
17	0.00572197913160552	0.991585324806462	0.0010097610232245	0.00168293503870751
18	0.39497794367153	0.0573464540210383	0.276891754326434	0.270783847980998
19	0.191446028513238	0.272572980312288	0.25050916496945	0.285471826205024
