Pos	A	C	G	T
1	0.116666666666667	0.346666666666667	0.16	0.376666666666667
2	0.804979253112033	0.159059474412171	0.0359612724757953	0.0
3	0.00714285714285714	0.00714285714285714	0.0157142857142857	0.97
4	0.0418760469011725	0.0033500837520938	0.954773869346734	0.0
5	0.008	0.9216	0.0576	0.0128
6	0.0278207109737249	0.0108191653786708	0.459041731066461	0.502318392581144
7	0.0	0.0	0.98989898989899	0.0101010101010101
8	0.0149750415973378	0.0	0.985024958402662	0.0
9	0.0	0.241706161137441	0.00631911532385466	0.751974723538705
10	0.762422360248447	0.0046583850931677	0.228260869565217	0.0046583850931677
11	0.00334448160535117	0.993311036789298	0.0	0.00334448160535117
12	0.00495049504950495	0.971947194719472	0.0148514851485149	0.00825082508250825
13	0.514592933947773	0.43778801843318	0.00614439324116743	0.0414746543778802
14	0.00638977635782748	0.0319488817891374	0.907348242811502	0.0543130990415335
15	0.00321543408360129	0.922829581993569	0.00321543408360129	0.0707395498392283
16	0.979739507959479	0.0101302460202605	0.00868306801736614	0.00144717800289436
17	0.00140056022408964	0.0546218487394958	0.148459383753501	0.795518207282913
18	0.337770382695507	0.202995008319468	0.362728785357737	0.0965058236272879
