Pos	A	C	G	T
1	0.00629394040843656	0.00589219953130231	0.000435219283562102	0.987378640776699
2	0.916728832525177	0.00665174686062414	0.0561046873057317	0.020514733308467
3	0.497754864460336	0.483219690670215	0.0186595709296524	0.000365873939797106
4	0.0	0.999254616296798	0.000135524309673048	0.000609859393528714
5	0.000406531607832509	0.000237143437902297	0.999153059150349	0.000203265803916255
6	0.000169457059581102	0.0	0.999559411645089	0.000271131295329763
7	0.995880465980078	0.00118183353030559	0.000337666722944454	0.00260003376667229
8	0.000338546956462861	0.00115105965197373	3.38546956462861e-05	0.998476538695917
9	0.000372351228759055	0.000440051452169792	0.998341344526437	0.000846252792634216
10	0.0141140047350209	0.895192132580586	0.0434954167425484	0.0471984459418442
11	0.244057912046926	0.321906893161089	0.256467636388296	0.177567558403689
