Pos	A	C	G	T
1	0.102766798418972	0.308300395256917	0.0197628458498024	0.569169960474308
2	0.231060606060606	0.0	0.0416666666666667	0.727272727272727
3	0.737609329446064	0.0087463556851312	0.253644314868805	0.0
4	0.371541501976285	0.0948616600790514	0.134387351778656	0.399209486166008
5	0.316489361702128	0.0	0.672872340425532	0.0106382978723404
6	0.123376623376623	0.038961038961039	0.0162337662337662	0.821428571428571
7	0.881533101045296	0.114982578397213	0.00348432055749129	0.0
8	0.996062992125984	0.0	0.00393700787401575	0.0
9	0.916666666666667	0.0289855072463768	0.0543478260869565	0.0
10	0.0	0.744117647058824	0.0	0.255882352941176
11	0.916666666666667	0.0072463768115942	0.0760869565217391	0.0
12	0.446808510638298	0.227963525835866	0.00303951367781155	0.322188449848024
13	0.284848484848485	0.181818181818182	0.0515151515151515	0.481818181818182
