Pos	A	C	G	T
1	0.147651006711409	0.275167785234899	0.345637583892617	0.231543624161074
2	0.09	0.08	0.598	0.232
3	0.027355623100304	0.908814589665654	0.00911854103343465	0.0547112462006079
4	0.94620253164557	0.0316455696202532	0.00632911392405063	0.0158227848101266
5	0.44391785150079	0.0300157977883096	0.472353870458136	0.0537124802527646
6	0.00613496932515337	0.247443762781186	0.134969325153374	0.611451942740286
7	0.753148614609572	0.00503778337531486	0.0	0.241813602015113
8	1.0	0.0	0.0	0.0
9	0.0	0.973941368078176	0.0	0.0260586319218241
10	0.00993377483443709	0.0	0.990066225165563	0.0
11	0.980327868852459	0.019672131147541	0.0	0.0
12	0.0167130919220056	0.832869080779944	0.0	0.15041782729805
13	0.0526315789473684	0.684210526315789	0.0709382151029748	0.192219679633867
14	0.167785234899329	0.130872483221477	0.0906040268456376	0.610738255033557
