Pos	A	C	G	T
1	0.642164259538694	0.0698426384996767	0.13170942013365	0.15628368182798
2	0.851873034029168	0.0128681727194738	0.0394623963397198	0.0957963969116385
3	0.0409928544565626	0.242384355020684	0.156449793155322	0.560172997367431
4	0.144555296115474	0.222670345998726	0.632349819571216	0.000424538314582891
5	0.0181159420289855	0.981225296442688	0.000329380764163373	0.000329380764163373
6	0.0	0.000335457900033546	0.999329084199933	0.000335457900033546
7	0.00100569896077774	0.0	0.998659068052296	0.000335232986925914
8	0.999329084199933	0.000335457900033546	0.0	0.000335457900033546
9	0.990359042553192	0.000664893617021277	0.000332446808510638	0.0086436170212766
10	0.115271226415094	0.00589622641509434	0.878242924528302	0.000589622641509434
11	0.0143818849449204	0.0700734394124847	0.00397796817625459	0.91156670746634
12	0.476003367948358	0.0763401627841706	0.360089811956217	0.0875666573112546
