Pos	A	C	G	T
1	0.673611111111111	0.0486111111111111	0.111111111111111	0.166666666666667
2	0.0	0.0	0.0371747211895911	0.962825278810409
3	0.108943089430894	0.0	0.891056910569106	0.0
4	0.951541850220264	0.0	0.0352422907488987	0.013215859030837
5	0.0	0.0	0.0	1.0
6	0.0	0.933333333333333	0.0666666666666667	0.0
7	0.0	0.926315789473684	0.0	0.0736842105263158
8	0.0	0.0	0.995614035087719	0.0043859649122807
9	0.0	0.0	0.982558139534884	0.0174418604651163
10	0.00870827285921625	0.0	0.979680696661829	0.011611030478955
11	0.962809917355372	0.00826446280991736	0.0247933884297521	0.00413223140495868
12	0.0310077519379845	0.728682170542636	0.24031007751938	0.0
13	0.300492610837438	0.300492610837438	0.152709359605911	0.246305418719212
