Pos	A	C	G	T
1	0.0301984469370147	0.0185504745470233	0.0	0.951251078515962
2	0.952895419187554	0.0	0.0298184961106309	0.017286084701815
3	1.0	0.0	0.0	0.0
4	0.0	0.00931263858093126	0.012860310421286	0.977827050997783
5	0.0297594781899715	0.0224215246636771	0.0489196901752956	0.898899306971056
6	0.520398912058024	0.198096101541251	0.157298277425204	0.124206708975521
7	0.509630936626967	0.131598294368475	0.324217026907808	0.0345537420967505
8	0.726523887973641	0.135090609555189	0.0705107084019769	0.0678747940691928
9	0.0096882898062342	0.0383319292333614	0.023167649536647	0.928812131423757
10	0.224100156494523	0.0566510172143975	0.0291079812206573	0.690140845070423
11	0.902948402948403	0.0323505323505323	0.00819000819000819	0.0565110565110565
