Pos	A	C	G	T
1	0.243451220154957	0.255336530859643	0.378775101459969	0.122437147525431
2	0.0482898634791075	0.0736259866172236	0.0919806923411572	0.786103457562512
3	0.00190304010657025	0.0944145772872163	0.00102288405728151	0.902659498548932
4	0.999631190727081	0.000368809272918862	0.0	0.0
5	0.999762877091292	0.0	0.00023712290870768	0.0
6	0.0	0.000263462957108231	0.0	0.999736537042892
7	0.0	0.0	0.00367589140366539	0.996324108596335
8	0.801732516374393	0.0031692372702303	0.184407352630467	0.0106908937249102
9	0.384776717332391	0.0666431012136208	0.509437963944857	0.0391422175091316
10	0.104516945132557	0.3461234385706	0.222157803194013	0.32720181310283
