Pos	A	C	G	T
1	0.190965092402464	0.0985626283367557	0.117043121149897	0.593429158110883
2	0.696385542168675	0.120481927710843	0.146987951807229	0.036144578313253
3	0.762532981530343	0.108179419525066	0.0738786279683377	0.0554089709762533
4	0.0390455531453362	0.284164859002169	0.0498915401301518	0.626898047722343
5	0.0378548895899054	0.558359621451104	0.0504731861198738	0.353312302839117
6	0.393081761006289	0.0534591194968553	0.515723270440252	0.0377358490566038
7	0.64079822616408	0.0620842572062084	0.277161862527716	0.0199556541019956
8	0.0606860158311346	0.079155672823219	0.0976253298153034	0.762532981530343
9	0.0328282828282828	0.116161616161616	0.121212121212121	0.72979797979798
10	0.567779960707269	0.12573673870334	0.12573673870334	0.180746561886051
