Pos	A	C	G	T
1	0.178716490658002	0.171676144056323	0.0728405090712158	0.57676685621446
2	0.580065359477124	0.0634531590413943	0.236111111111111	0.12037037037037
3	0.928104575163399	0.0104575163398693	0.0313725490196078	0.0300653594771242
4	0.0626538987688098	0.247332421340629	0.107250341997264	0.582763337893297
5	0.177934272300469	0.152582159624413	0.330516431924883	0.338967136150235
6	0.310183012670108	0.224777099953074	0.341623650868137	0.123416236508681
7	0.132801501642421	0.310652275926795	0.405443453777569	0.151102768653214
8	0.227230046948357	0.233802816901408	0.311267605633803	0.227699530516432
9	0.0837789661319073	0.14367201426025	0.0131907308377897	0.759358288770054
10	0.670654911838791	0.0636020151133501	0.190176322418136	0.0755667506297229
11	0.990697674418605	0.0	0.00930232558139535	0.0
12	0.041304347826087	0.0492753623188406	0.13768115942029	0.771739130434783
13	0.121824480369515	0.112875288683603	0.15040415704388	0.614896073903002
14	0.370363669259996	0.107834268138231	0.385380857608106	0.136421204993667
