Pos	A	C	G	T
1	0.0760321462338481	0.0289158525055153	0.0140245824141191	0.881027418846517
2	0.837602996254682	0.0325093632958802	0.0647191011235955	0.0651685393258427
3	0.965130329708269	0.0068185741412049	0.010012083549111	0.0180390126014155
4	0.0241429261226461	0.0159343312409464	0.0600354096249799	0.899887333011428
5	0.136006041915791	0.043929762728932	0.116306878972874	0.703757316382403
6	0.374267074077133	0.0380708563878107	0.549178297134363	0.0384837724006937
7	0.284321617028888	0.22752884357392	0.357839191485556	0.130310347911636
8	0.26444285458773	0.161241280629583	0.137095331783223	0.437220532999463
9	0.059461157803786	0.0428874401068259	0.0193229125756029	0.878328489513785
10	0.70393452943028	0.0722064841045011	0.0939250865596475	0.129933899905571
11	0.973024712843717	0.00931082492168465	0.0113122171945701	0.00635224504002785
12	0.140105203298266	0.0310634063121979	0.0339778220073927	0.794853568382144
13	0.0970653407555531	0.152840079987029	0.145760147003189	0.604334432254229
14	0.421480951529243	0.135485601860132	0.26649973171168	0.176533714898945
