Pos	A	C	G	T
1	0.188081936685289	0.19366852886406	0.288640595903166	0.329608938547486
2	0.683397683397683	0.0810810810810811	0.185328185328185	0.0501930501930502
3	0.988826815642458	0.0	0.0	0.0111731843575419
4	0.0	0.183406113537118	0.0436681222707424	0.77292576419214
5	0.0	0.800904977375566	0.190045248868778	0.00904977375565611
6	0.388625592417062	0.161137440758294	0.450236966824645	0.0
7	0.867647058823529	0.00490196078431373	0.127450980392157	0.0
8	0.0	0.0310880829015544	0.0518134715025907	0.917098445595855
9	0.0452830188679245	0.245283018867925	0.0415094339622641	0.667924528301887
10	0.29450915141431	0.287853577371048	0.199667221297837	0.217970049916805
