Pos	A	C	G	T
1	0.189401373895976	0.352306182531894	0.378312070657507	0.0799803729146222
2	0.786954843689695	0.012736395214203	0.0852952527981474	0.115013508297954
3	0.0	0.0	0.0	1.0
4	0.0180772391125719	0.127773212818406	0.0164338537387017	0.83771569433032
5	0.194144400227402	0.57959067652075	0.188459351904491	0.0378055713473565
6	0.00680602819640253	0.0	0.991249392318911	0.00194457948468644
7	0.117726657645467	0.183017591339648	0.0094722598105548	0.68978349120433
8	0.0131926121372032	0.768563889935922	0.00188465887674331	0.216358839050132
9	0.94049815498155	0.00645756457564576	0.0318265682656827	0.0212177121771218
10	0.00568181818181818	0.772348484848485	0.00189393939393939	0.220075757575758
11	0.134655972984382	0.0	0.860700717602364	0.00464330941325454
12	0.0233623453962437	0.532753092075126	0.401282638570774	0.0426019239578562
