Pos	A	C	G	T
1	0.138376980278047	0.327998706757194	0.422082120918202	0.111542192046557
2	0.186196864393082	0.298367544852109	0.370939065783094	0.144496524971715
3	0.0	0.0901470588235294	0.0	0.909852941176471
4	0.973410950283197	0.0	0.026589049716803	0.0
5	1.0	0.0	0.0	0.0
6	0.0	0.179007430997877	0.0	0.820992569002123
7	0.0	0.0163725957717374	0.406135749483389	0.577491654744874
8	0.797499355503996	0.0234596545501418	0.128383604021655	0.0506573859242073
9	0.0783901729432681	0.497494747050267	0.255212542427671	0.168902537578794
10	0.129928894634777	0.36732385261797	0.362475759534583	0.14027149321267
