Pos	A	C	G	T
1	0.235988552349153	0.292272835678512	0.279036489387074	0.192702122585261
2	0.275459098497496	0.241712377772478	0.260195564035297	0.222632959694729
3	0.297314146189412	0.141721647877812	0.125305210660294	0.435658995272482
4	0.821512539184953	0.0461402821316614	0.0998236677115987	0.0325235109717868
5	0.985776419419302	0.00446690960385565	0.00505466086752086	0.00470201010932174
6	0.0208271347813151	0.128731528314986	0.0187444213031836	0.831696915600516
7	0.00746199907876555	0.772547213265776	0.131736526946108	0.0882542607093505
8	0.595532422468011	0.0838212968987204	0.313814790717849	0.00683148991541965
9	0.877655677655678	0.0120355834641549	0.0927263212977499	0.0175824175824176
10	0.00846660395108184	0.0034101599247413	0.00199905926622766	0.986124176857949
11	0.0322209436133487	0.119198312236287	0.0443996931338703	0.804181051016494
12	0.490036814117922	0.119382925261497	0.11564307836148	0.274937182259101
13	0.235602718492906	0.288422558721831	0.218790986049839	0.257183736735424
14	0.188528499880754	0.319103267350346	0.272358693059862	0.220009539709039
