Pos	A	C	G	T
1	0.247582375591546	0.218570882690103	0.410070250727492	0.123776490990859
2	0.103523830218745	0.110006518904824	0.170415036940461	0.61605461393597
3	0.0419375297288727	0.260365466941494	0.0234263516727446	0.674270651656889
4	0.912678398969847	0.0236613370533319	0.0553707479343277	0.00828951604249383
5	0.973865002576287	0.00704185034636744	0.0137401957977901	0.00535295127955573
6	0.00862702947332692	0.0165752107258019	0.0125021214006902	0.962295638400181
7	0.0169360251975009	0.0524087365105592	0.0523312851758145	0.878323953116125
8	0.604323575387239	0.0248863151911326	0.335103737388092	0.035686372033537
9	0.328832795225516	0.107425887877898	0.503302025242149	0.0604392916544369
10	0.129214308809265	0.361218071191323	0.187002145733518	0.322565474265895
