Pos	A	C	G	T
1	0.0530467899891186	0.374795973884657	0.256256800870511	0.315900435255713
2	0.0765947066715453	0.0128064398097329	0.0139041346505671	0.896694718868155
3	0.0240843603541052	0.638083666030203	0.134134698837007	0.203697274778684
4	0.968005266622778	0.0	0.0319947333772219	0.0
5	0.999728039162361	0.0	0.00027196083763938	0.0
6	0.0	0.0	0.976750365351402	0.0232496346485984
7	0.0257728561070463	0.0	0.0050095577087865	0.969217586184167
8	0.155573422155861	0.0	0.844426577844139	0.0
9	0.0222388465723613	0.19117247007617	0.660228509249184	0.126360174102285
10	0.239102346140768	0.201156069364162	0.16708602516151	0.39265555933356
