Pos	A	C	G	T
1	0.0163468372423596	0.023454157782516	0.00923951670220327	0.950959488272921
2	0.00518518518518519	0.00296296296296296	0.991111111111111	0.000740740740740741
3	0.895582329317269	0.00334672021419009	0.0274431057563588	0.0736278447121821
4	0.00662739322533137	0.985272459499264	0.00294550810014728	0.00515463917525773
5	0.877952755905512	0.005249343832021	0.0951443569553806	0.0216535433070866
6	0.125623130608175	0.0752741774675972	0.666999002991027	0.1321036889332
7	0.191330343796712	0.2847533632287	0.257847533632287	0.266068759342302
8	0.204936424831713	0.175766641735228	0.161555721765146	0.457741211667913
9	0.192825112107623	0.279521674140508	0.369207772795217	0.158445440956652
10	0.412864622288706	0.133133881824981	0.255796559461481	0.198204936424832
11	0.326851159311892	0.228870605833957	0.260284218399402	0.183994016454749
12	0.273542600896861	0.2847533632287	0.141255605381166	0.300448430493274
13	0.020097772949484	0.242802824551874	0.0103204780010864	0.726778924497556
14	0.00726744186046512	0.00363372093023256	0.972383720930233	0.0167151162790698
15	0.174039580908033	0.0285215366705471	0.0186263096623981	0.778812572759022
16	0.0147575544624034	0.940267041461701	0.0210822206605762	0.0238931834153197
17	0.939606741573034	0.0154494382022472	0.0210674157303371	0.023876404494382
