Pos	A	C	G	T
1	0.292604501607717	0.403858520900322	0.084887459807074	0.218649517684887
2	0.0210918114143921	0.00806451612903226	0.00558312655086849	0.965260545905707
3	0.864444444444444	0.0111111111111111	0.0872222222222222	0.0372222222222222
4	0.982323232323232	0.0	0.00568181818181818	0.0119949494949495
5	0.0149160969546302	0.00994406463642014	0.00807955251709136	0.967060285891858
6	0.00172117039586919	0.89271371199082	0.00344234079173838	0.102122776821572
7	0.075885328836425	0.081787521079258	0.655986509274874	0.186340640809444
8	0.700900900900901	0.212612612612613	0.0572072072072072	0.0292792792792793
9	0.982943777637397	0.00252684775742262	0.00758054327226785	0.00694883133291219
10	0.0	0.00128287363694676	0.00064143681847338	0.99807568954458
11	0.000595947556615018	0.067938021454112	0.00417163289630513	0.927294398092968
12	0.992980216975112	0.000638162093171666	0.00382897255902999	0.00255264837268666
13	0.333547557840617	0.0751928020565553	0.43573264781491	0.155526992287918
