Pos	A	C	G	T
1	0.0713178294573643	0.0232558139534884	0.0	0.905426356589147
2	0.940418679549114	0.0	0.0193236714975845	0.0402576489533011
3	0.986486486486487	0.0135135135135135	0.0	0.0
4	0.0346907993966818	0.0844645550527904	0.0	0.880844645550528
5	0.0192131747483989	0.534309240622141	0.0658737419945105	0.38060384263495
6	0.0753424657534247	0.0667808219178082	0.0496575342465753	0.808219178082192
7	0.909657320872274	0.0218068535825545	0.0264797507788162	0.0420560747663551
8	0.979865771812081	0.0151006711409396	0.0	0.00503355704697987
9	0.00165837479270315	0.0	0.0298507462686567	0.96849087893864
10	0.0	0.0	0.0	1.0
11	0.989830508474576	0.0	0.0	0.0101694915254237
