Pos	A	C	G	T
1	0.0429771650150797	0.0283283067643257	0.00624730719517449	0.92244722102542
2	0.767246013259273	0.0236516753270023	0.0443468912381294	0.164755420175596
3	0.958263399351013	0.0079445003916303	0.0307709522211033	0.00302114803625378
4	0.0451705910619894	0.0780394041326285	0.0537241710716002	0.823065833733782
5	0.0130071599045346	0.510978520286396	0.0643794749403341	0.411634844868735
6	0.0701856825878781	0.102534158589279	0.085600840826813	0.741679317996029
7	0.932085328689595	0.0296038310840226	0.0228558989986939	0.0154549412276883
8	0.978519195612431	0.0135968921389397	0.00731261425959781	0.000571297989031079
9	0.0013934045517882	0.00394797956339991	0.0002322340919647	0.994426381792847
10	0.0265923225391379	0.0502895131889342	0.00482521981556938	0.918292944456359
11	0.951555555555556	0.00188888888888889	0.0185555555555556	0.028
