Pos	A	C	G	T
1	0.166153087637126	0.243189942068285	0.408110440034513	0.182546530260076
2	0.162825095525699	0.202637741895723	0.194194502650068	0.44034265992851
3	0.0861405648869288	0.0600075068030403	0.0926151825091489	0.761236745800882
4	0.892120745587508	0.0	0.0946830153406279	0.0131962390718645
5	0.996315627878416	0.00368437212158428	0.0	0.0
6	0.000843271894952415	0.0	0.977291892543067	0.0218648355619805
7	0.0471047794117647	0.00235523897058824	0.0184972426470588	0.932042738970588
8	0.0669191205561522	0.000621714802464251	0.917029333634771	0.0154298310066128
9	0.0478868552412646	0.244359400998336	0.539933444259567	0.167820299500832
10	0.152594601257241	0.254221619622828	0.24762726488352	0.345556514236411
