Pos	A	C	G	T
1	0.137038514381953	0.39227939547046	0.23698089793024	0.233701192217347
2	0.107102364755426	0.00404923874311629	0.881762228701004	0.00708616780045352
3	0.0143611240490607	0.050341561869275	0.0215028722248098	0.913794441856855
4	0.216855467638185	0.175101041725963	0.0106734217567029	0.597370068879148
5	0.334099039728865	0.0496704951986443	0.482244398418377	0.133986066654114
6	0.00627259196257708	0.725069104826706	0.0471684740236728	0.221489829187044
7	0.000420904945633111	0.718589968432129	0.0107681515257804	0.270220975096457
8	0.870180631451123	0.0133955676988464	0.0429948391013965	0.0734289617486339
9	0.0720045428733674	0.0435737270490252	0.014234336551202	0.870187393526406
10	0.270857382726414	0.0110889565186973	0.717703851400986	0.000349809353902123
11	0.218743343982961	0.0487397941072062	0.726056088036919	0.00646077387291445
12	0.128189596426138	0.480729915953661	0.0508821079730446	0.340198379647157
13	0.59624064446095	0.0131120379363538	0.172113351996801	0.218533965605896
14	0.91388264475622	0.021238663669483	0.0489884505077126	0.015890241066584
15	0.00601650473596488	0.88324728647506	0.00402455384365218	0.106711654945323
16	0.233088039719833	0.227369447646068	0.400390105505807	0.139152407128292
