Pos	A	C	G	T
1	0.142857142857143	0.80952380952381	0.0	0.0476190476190476
2	0.929203539823009	0.00884955752212389	0.0619469026548673	0.0
3	0.152380952380952	0.333333333333333	0.419047619047619	0.0952380952380952
4	0.0	0.0540540540540541	0.0	0.945945945945946
5	0.0	0.897435897435897	0.102564102564103	0.0
6	0.981308411214953	0.0	0.0186915887850467	0.0
7	0.38953488372093	0.0	0.0	0.61046511627907
8	0.0	0.0277777777777778	0.972222222222222	0.0
9	0.0	1.0	0.0	0.0
10	0.0530973451327434	0.00884955752212389	0.929203539823009	0.00884955752212389
11	0.0	0.0	0.0	1.0
12	0.0701754385964912	0.0	0.921052631578947	0.0087719298245614
13	0.963302752293578	0.036697247706422	0.0	0.0
14	0.035	0.963666666666667	0.000333333333333333	0.001
15	0.287730727470141	0.11400651465798	0.55700325732899	0.0412595005428882
