Pos	A	C	G	T
1	0.414529914529915	0.188034188034188	0.239316239316239	0.158119658119658
2	0.0	0.995726495726496	0.00427350427350427	0.0
3	0.924603174603175	0.0317460317460317	0.0238095238095238	0.0198412698412698
4	0.826241134751773	0.113475177304965	0.0106382978723404	0.049645390070922
5	0.0	0.0330578512396694	0.00413223140495868	0.962809917355372
6	0.416309012875536	0.133047210300429	0.244635193133047	0.206008583690987
7	0.363247863247863	0.230769230769231	0.290598290598291	0.115384615384615
8	0.0204918032786885	0.954918032786885	0.0245901639344262	0.0
9	1.0	0.0	0.0	0.0
10	0.0507246376811594	0.0217391304347826	0.0833333333333333	0.844202898550725
11	0.0205761316872428	0.00823045267489712	0.0123456790123457	0.958847736625514
12	0.052	0.016	0.932	0.0
13	0.231759656652361	0.283261802575107	0.133047210300429	0.351931330472103
