Pos	A	C	G	T
1	0.000397772474144789	0.00437549721559268	0.00119331742243437	0.994033412887828
2	0.568037537951974	0.120618272150152	0.197626276566381	0.113717913331493
3	0.946303501945525	0.00272373540856031	0.0381322957198444	0.01284046692607
4	0.00127172530733362	0.997032640949555	0.000847816871555744	0.000847816871555744
5	0.977165015079707	0.014218009478673	0.00818612666953899	0.000430848772081
6	0.0	0.996221662468514	0.00335852225020991	0.000419815281276238
7	0.0287716709701217	0.681298413869421	0.108078199926226	0.181851715234231
8	0.224131883549632	0.014030164854437	0.00105226236408278	0.760785689231849
9	0.900363049616781	0.0161355385235982	0.0072609923356192	0.0762404195240016
10	0.233365019011407	0.0142585551330798	0.730513307984791	0.0218631178707224
11	0.00241196333815726	0.000482392667631452	0.996140858658948	0.000964785335262904
12	0.000899280575539568	0.0152877697841727	0.00359712230215827	0.98021582733813
13	0.0	0.00049825610363727	0.999501743896363	0.0
14	0.0793893129770992	0.0702290076335878	0.00725190839694656	0.843129770992366
15	0.0175288584865327	0.106028217186832	0.860196665241556	0.0162462590850791
16	0.998339559983396	0.0016604400166044	0.0	0.0
