Pos	A	C	G	T
1	0.0519574052163177	0.310406913935902	0.0197541025772931	0.617881578270487
2	0.00430798151484295	0.00438630845147646	0.0505208741286128	0.940784835905068
3	0.000166195778627223	0.00058168522519528	0.998088748545787	0.00116337045039056
4	0.0028159681961239	0.0014908066920656	0.99478217657777	0.000911048534040086
5	0.160767969390544	0.820647717955726	0.0141432085269199	0.0044411041268106
6	0.518984179850125	0.11548709408826	0.188925895087427	0.176602830974188
7	0.249292256452956	0.311074104912573	0.212323064113239	0.227310574521232
8	0.220464574140371	0.270751810840063	0.275997002747481	0.232786612272084
9	0.223212055615686	0.209557905253518	0.312546832070602	0.254683207060195
10	0.185595337218984	0.173688592839301	0.111906744379684	0.528809325562032
11	0.00421998366457936	0.0152463925946093	0.81751973863327	0.163013885107542
12	0.00223750725118091	0.995359244219773	0.000828706389326262	0.0015745421397199
13	0.00149476831091181	0.997425676797874	0.000664341471516359	0.000415213419697725
14	0.945896991652229	0.0481178138289494	0.00291384469995275	0.00307134981886911
15	0.621365752715985	0.0195033626487325	0.305897568546301	0.0532333160889809
