Pos	A	C	G	T
1	0.754255319148936	0.00957446808510638	0.074468085106383	0.161702127659574
2	0.0212992545260916	0.160809371671991	0.105431309904153	0.712460063897764
3	0.0	0.0491642084562439	0.0275319567354966	0.92330383480826
4	0.0	0.0	1.0	0.0
5	0.00715015321756895	0.0	0.0337078651685393	0.959141981613892
6	0.0	0.0160320641282565	0.0430861723446894	0.940881763527054
7	0.029263370332997	0.94752774974773	0.0232088799192735	0.0
8	0.00922131147540984	0.0266393442622951	0.962090163934426	0.00204918032786885
9	0.0369290573372206	0.00680272108843537	0.912536443148688	0.043731778425656
10	0.0620087336244542	0.0209606986899563	0.096943231441048	0.820087336244541
11	0.0585729499467519	0.0425985090521832	0.816826411075612	0.0820021299254526
12	0.0915867944621938	0.0564430244941427	0.637912673056443	0.21405750798722
13	0.126730564430245	0.1395101171459	0.25346112886049	0.480298189563365
