Pos	A	C	G	T
1	0.0255179383527034	0.0224861040929763	0.865841334007074	0.0861546235472461
2	0.00741585852823731	0.00684540787221905	0.977467199087279	0.00827153451226469
3	0.255354892902142	0.00776984460310794	0.719655606887862	0.0172196556068879
4	0.820838323353293	0.0136526946107784	0.130538922155689	0.0349700598802395
5	0.748416684865691	0.0410569993448351	0.0755623498580476	0.134963965931426
6	0.575306479859895	0.0767659077641565	0.0709281961471103	0.276999416228838
7	0.433450087565674	0.145650904845301	0.126094570928196	0.294804436660829
8	0.346658885322439	0.175955646337905	0.184126057776481	0.293259410563175
9	0.340630472854641	0.156450671336836	0.175423234092236	0.327495621716287
10	0.346760070052539	0.152364273204904	0.148861646234676	0.352014010507881
11	0.339363875109425	0.161365625911876	0.168952436533411	0.330318062445287
12	0.294804436660829	0.175423234092236	0.161704611792177	0.368067717454758
13	0.285464098073555	0.130472854640981	0.146526561587858	0.437536485697607
14	0.287507297139521	0.066841798015178	0.0674255691768827	0.578225335668418
15	0.136226252158895	0.0841968911917098	0.0397236614853195	0.739853195164076
16	0.0396559961777353	0.124701385570951	0.0169612995699952	0.818681318681319
17	0.0184757505773672	0.719504513961789	0.0100776821331094	0.251942053327735
18	0.00713470319634703	0.978025114155251	0.00770547945205479	0.00713470319634703
19	0.0790803436078828	0.865841334007074	0.0315816068721577	0.0234967155128853
