Pos	A	C	G	T
1	0.557000553403431	0.116491422246818	0.183176535694521	0.14333148865523
2	0.178340784898162	0.18281172379533	0.446100347739692	0.192747143566816
3	0.115711645101664	0.0731977818853974	0.744177449168207	0.066913123844732
4	0.00330305532617671	0.159372419488026	0.00619322873658134	0.831131296449216
5	0.0126520681265207	0.0024330900243309	0.97956204379562	0.00535279805352798
6	0.061966771441401	0.380781320161652	0.0341266277503368	0.52312528064661
7	0.0676756139348944	0.155910908052541	0.574814391776128	0.201599086236436
8	0.917920656634747	0.0150478796169631	0.0405836753305974	0.0264477884176927
9	0.428216592151018	0.186785891703924	0.12220566318927	0.262791852955787
10	0.632571996027805	0.0436941410129096	0.0714995034756703	0.252234359483615
11	0.262164846077458	0.064051638530288	0.0551142005958292	0.618669314796425
12	0.241807348560079	0.122641509433962	0.189175769612711	0.446375372393247
13	0.0255707762557078	0.0420091324200913	0.0132420091324201	0.919178082191781
14	0.189625360230548	0.580115273775216	0.155619596541787	0.0746397694524496
15	0.539019963702359	0.0340290381125227	0.37431941923775	0.0526315789473684
16	0.00290697674418605	0.975290697674419	0.00387596899224806	0.0179263565891473
17	0.810386473429952	0.00442834138486312	0.180354267310789	0.00483091787439614
18	0.0633723123349679	0.759336099585062	0.0743115805356469	0.102980007544323
19	0.210630899155489	0.411326378539493	0.207153502235469	0.170889220069548
20	0.140682266704257	0.186918522695235	0.104877361150268	0.56752184945024
