Pos	A	C	G	T
1	0.299445471349353	0.20681864859314	0.242144177449168	0.251591702608338
2	0.575035926914391	0.143091767604188	0.138369944569904	0.143502360911517
3	0.901184307920059	0.0284974093264249	0.0370096225018505	0.0333086602516654
4	0.0	0.997133497133497	0.0	0.00286650286650287
5	0.978894472361809	0.000402010050251256	0.000603015075376884	0.0201005025125628
6	0.642056690837179	0.356229400131839	0.0002636783124588	0.0014502307185234
7	0.000205128205128205	0.00041025641025641	0.00041025641025641	0.998974358974359
8	0.811332375282283	0.00759597618558817	0.0580989529870663	0.122972695545063
9	0.418275154004107	0.309650924024641	0.13305954825462	0.139014373716632
10	0.00683142455294354	0.978501105083384	0.00281293952180028	0.0118545308418726
11	0.998359983599836	0.000410004100041	0.000410004100041	0.000820008200082001
12	0.00137080191912269	0.000685400959561343	0.16346812885538	0.834475668265936
13	0.00143237159811745	0.0010231225700839	0.0010231225700839	0.996521383261715
14	0.00510204081632653	0.000612244897959184	0.993877551020408	0.000408163265306122
15	0.0297658862876254	0.104013377926421	0.0518394648829431	0.81438127090301
16	0.111498973305955	0.138398357289528	0.114373716632444	0.635728952772074
17	0.201026694045175	0.272895277207392	0.125051334702259	0.401026694045175
