Pos	A	C	G	T
1	0.69568032319884	0.0320609105505775	0.169316828093438	0.102941938157145
2	0.105184750468366	0.131977518452475	0.606347199963885	0.156490531115274
3	0.0243005199674578	0.0125924091825546	0.950196314244279	0.012910756605709
4	0.0	0.0590923361356263	0.00383716468413158	0.937070499180242
5	0.00196521932589269	0.00163150283659016	0.996069561348215	0.000333716489302533
6	0.0278043086066009	0.29155612154657	0.021896777388659	0.65874279245817
7	0.019578218445074	0.0504878816493547	0.845546112684923	0.0843877872206484
8	0.962659021680702	0.00318939258197456	0.0240458699157857	0.0101057158215374
9	0.566096980169852	0.111626240701326	0.129791583250796	0.192485195878027
10	0.523247589621412	0.113576294531512	0.158843018277929	0.204333097569147
11	0.25321073595652	0.0836466515281242	0.151807318616685	0.511335293898671
