Pos	A	C	G	T
1	0.123516201475778	0.392845684953481	0.267244145011229	0.216393968559512
2	0.0610005851375073	0.000877706260971328	0.937682855471036	0.000438853130485664
3	0.00534373194685153	0.0177642980935875	0.00837666088965916	0.968515309069902
4	0.199775910364146	0.131316526610644	0.00459383753501401	0.664313725490196
5	0.315918701404993	0.0336925385349884	0.523803028236257	0.126585731823762
6	0.00223684210526316	0.759078947368421	0.0303947368421053	0.208289473684211
7	0.00012923235978289	0.75445851641251	0.0050400620315327	0.240372189196175
8	0.936127744510978	0.00427715996578272	0.0192472198460222	0.040347875677217
9	0.0407581587573037	0.0200940572894399	0.00498788656120849	0.934159897392048
10	0.242787223080886	0.00373518804739825	0.753219989696033	0.000257599175682638
11	0.205414640557235	0.0302273623340781	0.762123800762255	0.00223419634643186
12	0.120335949332232	0.50323557758502	0.0345587222910643	0.341869750791684
13	0.664149667530711	0.00293023780006762	0.127690747210639	0.205229347458582
14	0.967128027681661	0.0064878892733564	0.0191753171856978	0.00720876585928489
15	0.00160513643659711	0.930979133226324	0.00160513643659711	0.0658105939004815
16	0.21398847631242	0.267765685019206	0.394526248399488	0.123719590268886
