Pos	A	C	G	T
1	0.564676616915423	0.0572139303482587	0.082089552238806	0.296019900497512
2	0.0471464019851117	0.372208436724566	0.00992555831265509	0.570719602977667
3	0.0	0.03125	0.0	0.96875
4	0.0	0.00738916256157635	0.992610837438424	0.0
5	0.0	0.00480769230769231	0.0264423076923077	0.96875
6	0.0	0.0142517814726841	0.0285035629453682	0.957244655581948
7	0.0404761904761905	0.95952380952381	0.0	0.0
8	0.0682819383259912	0.0198237885462555	0.887665198237885	0.0242290748898678
9	0.0323974082073434	0.0	0.870410367170626	0.0971922246220302
10	0.066543438077634	0.0369685767097967	0.151571164510166	0.744916820702403
11	0.135093167701863	0.100931677018634	0.625776397515528	0.138198757763975
