Pos	A	C	G	T
1	0.365223993925588	0.192862566438876	0.00987091875474563	0.43204252088079
2	0.652777777777778	0.115079365079365	0.174603174603175	0.0575396825396825
3	0.987987987987988	0.00225225225225225	0.00675675675675676	0.003003003003003
4	0.0	0.996969696969697	0.00151515151515152	0.00151515151515152
5	0.00151171579743008	0.994708994708995	0.00226757369614512	0.00151171579743008
6	0.231602966343411	0.00399315459212778	0.750713063320023	0.0136908157444381
7	0.00151057401812689	0.993957703927492	0.00226586102719033	0.00226586102719033
8	0.96269202633504	0.00877834674469642	0.0256035113386979	0.00292611558156547
9	0.930035335689046	0.00353356890459364	0.0113074204946996	0.0551236749116608
10	0.955007256894049	0.0188679245283019	0.00943396226415094	0.0166908563134978
11	0.974814814814815	0.0125925925925926	0.0111111111111111	0.00148148148148148
12	0.00151285930408472	0.995461422087746	0.00151285930408472	0.00151285930408472
13	0.0	0.992458521870287	0.00150829562594268	0.00603318250377074
14	0.368098159509202	0.00283152430391694	0.621047663992449	0.00802265219443134
15	0.0103934669636229	0.976985894580549	0.0103934669636229	0.0022271714922049
16	0.94269340974212	0.0114613180515759	0.0329512893982808	0.0128939828080229
17	0.642585551330799	0.114828897338403	0.167300380228137	0.0752851711026616
