Pos	A	C	G	T
1	0.0123136746597537	0.775599481529488	0.199287103046014	0.012799740764744
2	0.992535766120672	0.0	0.00746423387932822	0.0
3	0.992330016583748	0.000207296849087894	0.00393864013266998	0.0035240464344942
4	0.0	0.00271140484663616	0.811218437552957	0.186070157600407
5	0.00353871773522065	0.0	0.996461282264779	0.0
6	0.136934673366834	0.181602456728085	0.0132607481853713	0.66820212171971
7	0.00617045892788276	0.923062090242962	0.0152333204782106	0.0555341303509449
8	0.638112973308504	0.000827643285743844	0.352576039726878	0.00848334367887441
9	0.148496240601504	0.282999164578112	0.091687552213868	0.476817042606516
