Pos	A	C	G	T
1	0.291997752628622	0.182197608154748	0.277149048880327	0.248655590336303
2	0.859706754266485	0.0504767246214246	0.0609726784712763	0.028843842640814
3	0.978978978978979	0.00491400491400491	0.00427700427700428	0.0118300118300118
4	0.000409332787556283	0.973256924546323	0.0024559967253377	0.0238777459407832
5	0.983374037197069	0.00272402780387	0.00187863986473793	0.0120232951343228
6	0.796006944444444	0.189149305555556	0.0123263888888889	0.00251736111111111
7	0.000967628430682618	0.00123152709359606	0.000967628430682618	0.996833216045039
8	0.484979945976917	0.0067938119014488	0.181714005074896	0.326512237046738
9	0.443625465737891	0.122549813704844	0.178438360602624	0.255386359954641
10	0.00978749078232889	0.967352684856204	0.00187705302674801	0.0209827713347188
11	0.997522708505368	0.000825763831544178	0.00128452151573539	0.000367006147352968
12	0.00241064006650042	0.00133000831255195	0.198254364089776	0.798004987531172
13	0.00571785937639596	0.00169748950236755	0.00366300366300366	0.988921647458233
14	0.0207399820765587	0.00179234413007297	0.976571501728332	0.000896172065036487
15	0.00830090791180285	0.00138348465196714	0.0263726761781236	0.963942931258106
16	0.0251764705882353	0.0569411764705882	0.0336470588235294	0.884235294117647
17	0.225626331643524	0.272132833737418	0.233120270369554	0.269120564249504
