Pos	A	C	G	T
1	0.557625145518044	0.128055878928987	0.244470314318976	0.069848661233993
2	0.430062630480167	0.325678496868476	0.0292275574112735	0.215031315240084
3	0.0	0.993775933609959	0.00622406639004149	0.0
4	1.0	0.0	0.0	0.0
5	0.0	0.313661202185792	0.162841530054645	0.523497267759563
6	0.556976744186046	0.187209302325581	0.255813953488372	0.0
7	0.0	0.0283975659229209	0.0	0.971602434077079
8	0.0	0.0	1.0	0.0
9	0.263265306122449	0.0	0.293877551020408	0.442857142857143
10	0.0461538461538462	0.233136094674556	0.153846153846154	0.566863905325444
