Pos	A	C	G	T
1	0.194342980237895	0.261309356560832	0.200056195560551	0.344291467640723
2	0.100840336134454	0.402730106126958	0.421233282045212	0.0751962756933759
3	0.0	1.0	0.0	0.0
4	0.00555674289378072	0.760632613806369	0.00327705350146043	0.23053358979839
5	0.10473328324568	0.314575507137491	0.0930879038317055	0.487603305785124
6	0.200262270513301	0.292525290370925	0.304327463469464	0.202884975646309
7	0.491579731743666	0.0918777943368107	0.304023845007452	0.112518628912072
8	0.23923782639379	0.00218772053634439	0.753493295695131	0.00508115737473536
9	0.0	0.0	1.0	0.0
10	0.0752281149141332	0.425429334183369	0.40084472247679	0.0984978284257083
11	0.344104149105554	0.193500046829634	0.269457712840686	0.192938091224127
