Pos	A	C	G	T
1	0.459607632685	0.139987437416	0.39496520896	0.00543972093988
2	0.00141907377055	0.00217118286894	0.00212861065582	0.994281132705
3	0.00120163251376	0.0024245957822	0.481619999716	0.514753771988
4	0.894354241658	0.00124454315693	0.102748206581	0.0016530086033
5	0.000541470430638	0.790383259539	0.00692630925858	0.202148960772
6	0.17463982322	0.00780698839155	0.817028446823	0.000524741564779
7	0.000512070678093	0.133668955561	0.00127709193211	0.864541881829
8	0.980334681199	0.0149501196289	0.00267241258692	0.00204278658477
9	0.995580911242	0.00133567312952	0.00152749852579	0.00155591710301
10	0.00478602267875	0.41133700242	0.164148123547	0.419728851355
