Pos	A	C	G	T
1	0.0853592652620205	0.452728254997299	0.252296056185845	0.209616423554835
2	0.608718214841723	0.0280228334198236	0.3523611831863	0.0108977685521536
3	0.781764457577037	0.0612072604474462	0.116926973406501	0.0401013085690165
4	0.0126984126984127	0.97989417989418	0.0037037037037037	0.0037037037037037
5	0.98615548455804	0.0	0.00958466453674121	0.00425985090521832
6	0.16414686825054	0.056695464362851	0.763498920086393	0.015658747300216
7	0.041036717062635	0.861771058315335	0.0556155507559395	0.0415766738660907
8	0.0147733061640346	0.0239429444727458	0.0178298522669384	0.943453897096281
9	0.0116340560549974	0.0	0.979375991538868	0.00898995240613432
10	0.2463421122639	0.0460228784251131	0.0563979781856877	0.651237031125299
11	0.0	0.962077922077922	0.0	0.0379220779220779
12	0.239557300963941	0.0556943948589789	0.661192431274545	0.0435558729025348
