Pos	A	C	G	T
1	0.141823444284	0.0998552821997	0.672937771346	0.0853835021708
2	0.312916111851	0.0625832223702	0.608521970706	0.0159786950732
3	0.0156657963446	0.0156657963446	0.065274151436	0.903394255875
4	0.00806451612903	0.0537634408602	0.930107526882	0.00806451612903
5	0.920212765957	0.0	0.0625	0.0172872340426
6	0.0136798905609	0.911080711354	0.0396716826265	0.0355677154583
7	0.0014367816092	0.00431034482759	0.994252873563	0.0
8	0.010498687664	0.0314960629921	0.0498687664042	0.90813648294
9	0.0415584415584	0.0220779220779	0.898701298701	0.0376623376623
10	0.0343716433942	0.0279269602578	0.7432867884	0.194414607948
11	0.147058823529	0.636029411765	0.0854779411765	0.131433823529
12	0.398843930636	0.222543352601	0.268786127168	0.109826589595
