Pos	A	C	G	T
1	0.113964944438	0.10179860236	0.678130370031	0.106106083171
2	0.48623483819	0.0734309728723	0.426065730535	0.0142684584025
3	0.0263273902821	0.0353399294671	0.023878330721	0.91445434953
4	0.00622760410231	0.032942048684	0.929667613987	0.0311627332262
5	0.99154789091	0.00110244901173	0.00401606425703	0.00333359582119
6	0.00119208043951	0.973204104903	0.0212242147818	0.00437959987561
7	0.00242322077648	0.00129062845704	0.995706684929	0.000579465837855
8	0.00160522091524	0.00271045498803	0.00257887950317	0.993105444594
9	0.00873464309782	0.00925301954279	0.977243274066	0.00476906329376
10	0.0116833168041	0.00984494811446	0.869475823033	0.108995912049
11	0.0334505298604	0.923913043478	0.0168614439933	0.0257749826681
12	0.691382365973	0.0551395657953	0.207598582189	0.0458794860434
