Pos	A	C	G	T
1	0.422928580928315	0.225029924192047	0.255619098284346	0.0964223965952919
2	0.238337906703254	0.336926695413563	0.145041160329283	0.2796942375539
3	0.0	1.0	0.0	0.0
4	0.95974416854778	0.0	0.0	0.0402558314522197
5	0.0	0.211723191531072	0.0	0.788276808468928
6	0.131130790190736	0.0	0.868869209809264	0.0
7	0.0	0.0	0.0227925684734725	0.977207431526527
8	0.0	0.0	1.0	0.0
9	0.984561945194905	0.00714010034735623	0.00829795445773832	0.0
10	0.0	0.636272209185384	0.144820650351995	0.218907140462622
11	0.204861791805528	0.370711625171535	0.189374632425015	0.235051950597922
