Pos	A	C	G	T
1	0.174317715728	0.287190408582	0.331335121207	0.207156754483
2	0.391949899426	0.19481367812	0.396771250233	0.0164651722207
3	0.00302303763161	0.00307515897008	0.00271030960075	0.991191493798
4	0.00240305280528	0.00158828382838	0.211478960396	0.78452970297
5	0.515164438201	0.00121666708477	0.438965958408	0.0446529363069
6	0.0321451664221	0.780721110917	0.0727782168259	0.114355505835
7	0.101774825556	0.0769021226662	0.79697420531	0.0243488464682
8	0.0509929713666	0.897070616539	0.00163922826548	0.0502971838294
9	0.965072759798	0.0328592633943	0.00131944532548	0.000748531482727
10	0.994261962958	0.00205209980786	0.00207824120669	0.00160769602781
11	0.0103811521986	0.410558178162	0.158372672436	0.420687997203
12	0.222824015039	0.345580985684	0.257581932193	0.174013067084
