Pos	A	C	G	T
1	0.125068179338933	0.335278717137559	0.306807025199084	0.232846078324425
2	0.755885384456813	0.0420531849103278	0.197237682951969	0.00482374768089054
3	0.789645964338014	0.113877164269102	0.0801533293134637	0.0163235420794211
4	0.0	1.0	0.0	0.0
5	0.999781873704875	0.0	0.0	0.000218126295124877
6	0.146394676557216	0.264754008945129	0.55023453692593	0.0386167775717247
7	0.072870077451729	0.642303916221228	0.176066324860914	0.108759681466129
8	0.0	0.0	0.0	1.0
9	0.0	0.0	1.0	0.0
10	0.348384345683692	0.0533497583625509	0.077987302188951	0.520278593764806
11	0.0	0.695370618142895	0.0187851217554188	0.285844260101686
12	0.320061088687684	0.195701974473656	0.370241082142468	0.113995854696193
