Pos	A	C	G	T
1	0.256339852351	0.141277036653	0.506372231576	0.0960108794198
2	0.15597922522	0.205183333549	0.4452589724	0.193578468831
3	0.744111410948	0.2433307633	0.0113723978412	0.00118542791056
4	0.000374662480782	0.00167952146558	0.000452178856117	0.997493637198
5	0.000942373231437	0.000516368893938	0.996708148301	0.00183310957348
6	0.996013829046	0.00108361928842	0.00212853788797	0.000774013777445
7	0.000321146879737	0.991817177504	0.000346838630116	0.00751483698584
8	0.00729598849084	0.000526647056557	0.991753477797	0.000423886655277
9	0.000812609637808	0.00233464038799	0.000967392425962	0.995885357548
10	0.00160066091806	0.99665668405	0.000813239014819	0.000929416016936
11	0.994397506568	0.00270465200144	0.00171294626758	0.00118489516254
12	0.000944009733789	0.264385659443	0.189211017642	0.54545931318
13	0.144542734655	0.514007434366	0.155059643306	0.186390187672
14	0.0882280563147	0.543576526053	0.113510083021	0.254685334611
