Pos	A	C	G	T
1	0.111377655929	0.107522275531	0.684544208362	0.0965558601782
2	0.52076014053	0.0749760459917	0.387256467582	0.0170073458959
3	0.0168639363151	0.0266052162983	0.0293285848958	0.927202262491
4	0.00856531049251	0.0119914346895	0.95096359743	0.0284796573876
5	0.985621059617	0.00243335914169	0.00597279062051	0.00597279062051
6	0.00141104960382	0.960273526539	0.0321285140562	0.00618690980137
7	0.00256696428571	0.00223214285714	0.994866071429	0.000334821428571
8	0.0050975177305	0.00343528368794	0.00554078014184	0.98592641844
9	0.0219813924957	0.0597075963603	0.907269195379	0.0110418157653
10	0.0586246861116	0.00840254973923	0.828858412208	0.104114351941
11	0.0453641066454	0.872164743335	0.0384003183446	0.0440708316753
12	0.666118563392	0.058416270013	0.21852012116	0.0569450454349
