Pos	A	C	G	T
1	0.0965794768612	0.368544600939	0.14185110664	0.39302481556
2	0.137221269297	0.19696969697	0.538307604345	0.127501429388
3	0.408753419304	0.0601797577179	0.524032825322	0.00703399765533
4	0.0109503324208	0.0277669143528	0.00508408290966	0.956198670317
5	0.00233281493002	0.0279937791602	0.951788491446	0.0178849144635
6	0.992313915858	0.00283171521036	0.00161812297735	0.00323624595469
7	0.00202922077922	0.995535714286	0.000405844155844	0.00202922077922
8	0.00040733197556	0.00040733197556	0.998778004073	0.00040733197556
9	0.00203004466098	0.00243605359318	0.0	0.995533901746
10	0.0112404656764	0.980730630269	0.00481734243276	0.00321156162184
11	0.986328910334	0.00361881785283	0.00683554483313	0.0032167269803
12	0.0065963060686	0.180079155673	0.0976253298153	0.715699208443
13	0.0571044675848	0.780651662748	0.0967416862613	0.0655021834061
14	0.635871200722	0.133012338249	0.128799277761	0.102317183268
