Pos	A	C	G	T
1	0.20016077170418	0.122990353697749	0.45096463022508	0.22588424437299
2	0.111271676300578	0.065028901734104	0.666907514450867	0.156791907514451
3	0.110236220472441	0.00930565497494631	0.801717967072298	0.078740157480315
4	0.135852090032154	0.258842443729904	0.338424437299035	0.266881028938907
5	0.545963229416467	0.442046362909672	0.00959232613908873	0.00239808153477218
6	0.0937912813738441	0.181638044914135	0.490752972258917	0.233817701453104
7	0.0	0.993594875900721	0.0	0.00640512409927942
8	0.981057616416732	0.0134175217048145	0.00552486187845304	0.0
9	0.0	0.0253439536567705	0.87400434467777	0.10065170166546
10	0.0244274809160305	0.916030534351145	0.0595419847328244	0.0
11	0.000796812749003984	0.00557768924302789	0.0	0.993625498007968
12	0.00714853057982526	0.00476568705321684	0.988085782366958	0.0
13	0.045	0.825	0.0	0.13
14	0.0180635838150289	0.00939306358381503	0.848265895953757	0.124277456647399
15	0.0429799426934097	0.318767908309456	0.078080229226361	0.560171919770774
16	0.142250530785563	0.803963198867657	0.0276008492569002	0.0261854210898797
17	0.170548459804658	0.701728024042074	0.0330578512396694	0.0946656649135988
18	0.158360128617363	0.578778135048232	0.0795819935691318	0.183279742765273
