Pos	A	C	G	T
1	0.0576923076923077	0.464529914529915	0.247008547008547	0.230769230769231
2	0.674558587479936	0.0517656500802568	0.264446227929374	0.00922953451043339
3	0.894837476099426	0.0325047801147228	0.0458891013384321	0.0267686424474187
4	0.0	0.999146029035013	0.0	0.00085397096498719
5	0.997867803837953	0.0	0.0	0.00213219616204691
6	0.100768573868488	0.0435525192143467	0.855678906917165	0.0
7	0.0376068376068376	0.925641025641026	0.0303418803418803	0.00641025641025641
8	0.00254345061466723	0.00381517592200085	0.00169563374311149	0.99194573972022
9	0.00213128729752771	0.000426257459505541	0.997442455242967	0.0
10	0.141057327144493	0.0294773645186569	0.0281511845198626	0.801314123816987
11	0.00201126307320998	0.941271118262269	0.0108608205953339	0.0458567980691875
12	0.375439477649422	0.0	0.587644399799096	0.0369161225514817
