Pos	A	C	G	T
1	0.655773420479303	0.137254901960784	0.139433551198257	0.0675381263616558
2	0.64207650273224	0.155737704918033	0.0628415300546448	0.139344262295082
3	0.0	0.958005249343832	0.0393700787401575	0.0026246719160105
4	0.914786967418546	0.0200501253132832	0.0	0.0651629072681704
5	0.0	0.0	0.981182795698925	0.0188172043010753
6	0.0679156908665105	0.85480093676815	0.0772833723653396	0.0
7	0.0	0.0	0.0	1.0
8	0.0368421052631579	0.00263157894736842	0.960526315789474	0.0
9	0.933503836317136	0.0	0.010230179028133	0.0562659846547315
10	0.0177664974619289	0.926395939086294	0.0	0.0558375634517767
11	0.480874316939891	0.0	0.519125683060109	0.0
12	0.0602739726027397	0.526027397260274	0.147945205479452	0.265753424657534
