Pos	A	C	G	T
1	0.143974960876369	0.299687010954617	0.257433489827856	0.298904538341158
2	0.529908972691808	0.0741222366710013	0.301040312093628	0.0949284785435631
3	0.267605633802817	0.474178403755869	0.172926447574335	0.0852895148669797
4	0.084155161078238	0.840236686390533	0.0532544378698225	0.022353714661407
5	0.764354066985646	0.0	0.178827751196172	0.0568181818181818
6	0.0135746606334842	0.188034188034188	0.155857214680744	0.642533936651584
7	0.653374233128834	0.165132924335378	0.17638036809816	0.00511247443762781
8	0.0211442786069652	0.18407960199005	0.0	0.794776119402985
9	0.0212483399734396	0.0239043824701195	0.848605577689243	0.106241699867198
10	0.054773082942097	0.194053208137715	0.471048513302034	0.280125195618153
11	0.0915982312065698	0.323436512950095	0.101073910296905	0.483891345546431
12	0.316118935837246	0.224569640062598	0.316118935837246	0.143192488262911
