Pos	A	C	G	T
1	0.179743223965763	0.285306704707561	0.218259629101284	0.316690442225392
2	0.554147465437788	0.142857142857143	0.254608294930876	0.0483870967741935
3	0.498223169864961	0.278606965174129	0.207533759772566	0.015636105188344
4	0.0	0.994326241134752	0.00567375886524823	0.0
5	0.953741496598639	0.0	0.0312925170068027	0.0149659863945578
6	0.0154015401540154	0.0836083608360836	0.771177117711771	0.12981298129813
7	0.176148796498906	0.766958424507659	0.0568927789934354	0.0
8	0.0216216216216216	0.0243243243243243	0.00675675675675676	0.947297297297297
9	0.0	0.0	1.0	0.0
10	0.00431965442764579	0.223902087832973	0.267098632109431	0.50467962562995
11	0.0511679644048943	0.293659621802002	0.169076751946607	0.486095661846496
12	0.266381766381766	0.202279202279202	0.388888888888889	0.142450142450142
