Pos	A	C	G	T
1	0.100196463654224	0.390962671905697	0.261296660117878	0.2475442043222
2	0.517470881863561	0.111480865224626	0.331114808652246	0.0399334442595674
3	0.546137339055794	0.25	0.121244635193133	0.082618025751073
4	0.0	0.978846153846154	0.0	0.0211538461538462
5	0.865646258503401	0.0187074829931973	0.0816326530612245	0.0340136054421769
6	0.0746561886051081	0.284872298624754	0.557956777996071	0.0825147347740668
7	0.166994106090373	0.593320235756385	0.202357563850688	0.037328094302554
8	0.028673835125448	0.032258064516129	0.0268817204301075	0.912186379928315
9	0.0503731343283582	0.0	0.949626865671642	0.0
10	0.206742485783916	0.145410235580829	0.236799350121852	0.411047928513404
11	0.00625	0.7953125	0.05	0.1484375
12	0.336363636363636	0.1	0.436363636363636	0.127272727272727
