Pos	A	C	G	T
1	0.694682194471727	0.227304616248071	0.0531780552827277	0.0248351339974744
2	0.822698570953805	0.114489863742107	0.0579926886008641	0.00481887670322366
3	0.0	1.0	0.0	0.0
4	0.996778739681901	0.000603986309643648	0.00261727400845581	0.0
5	0.000793335977786593	0.981951606505355	0.00119000396667989	0.0160650535501785
6	0.000977708251857646	0.968126710989441	0.029917872506844	0.000977708251857646
7	0.00502209722780233	0.000401767778224186	0.0	0.994576134993973
8	0.0	0.00522403054048624	0.994775969459514	0.0
9	0.00366650725330783	0.569424517774589	0.207077953132473	0.21983102183963
10	0.423348818420521	0.0529186023025651	0.295495859422339	0.228236719854575
