Pos	A	C	G	T
1	0.702281454709736	0.0228145470973571	0.241246894059182	0.0336571041337249
2	0.502048620595466	0.347172903578257	0.150505326413548	0.000273149412728763
3	0.0198362720403023	0.978904282115869	0.0	0.00125944584382872
4	0.997753530166881	0.000320924261874198	0.00192554557124519	0.0
5	0.00032	0.00192	0.00288	0.99488
6	0.993925831202046	0.00223785166240409	0.00351662404092072	0.000319693094629156
7	0.00254939451880178	0.00669216061185468	0.0	0.990758444869344
8	0.0	0.000312597686777118	0.971866208190059	0.0278211941231635
9	0.00223513634331694	0.194009834599911	0.694903889137237	0.108851139919535
10	0.0542755870624723	0.235268054940186	0.0217102348249889	0.688746123172353
