Pos	A	C	G	T
1	0.175477239353891	0.276064610866373	0.370778267254038	0.177679882525697
2	0.423229461756374	0.158640226628895	0.347875354107649	0.0702549575070821
3	0.0310126582278481	0.862025316455696	0.0240506329113924	0.0829113924050633
4	0.642756016989146	0.0165172251061822	0.32373761208117	0.0169891458235017
5	0.0106649937264743	0.854454203262233	0.0	0.134880803011292
6	0.0980629539951574	0.0623486682808717	0.824455205811138	0.0151331719128329
7	0.0246719160104987	0.256167979002625	0.0041994750656168	0.71496062992126
8	0.0681693238042881	0.137438152831226	0.748763056624519	0.045629466739967
9	0.119105691056911	0.553658536585366	0.250406504065041	0.0768292682926829
10	0.216017634092579	0.382806759735489	0.246877296105805	0.154298310066128
