Pos	A	C	G	T
1	0.127385250128932	0.370809695719443	0.265600825167612	0.236204228984012
2	0.73820395738204	0.142694063926941	0.0901826484018265	0.0289193302891933
3	0.650351994636272	0.167616493462957	0.154877639959772	0.027153871940999
4	0.00051413881748072	0.997429305912596	0.0	0.00205655526992288
5	0.978809283551968	0.000504540867810293	0.00554994954591322	0.0151362260343088
6	0.102114492006189	0.20732336255802	0.585869004641568	0.104693140794224
7	0.117525773195876	0.611855670103093	0.165463917525773	0.105154639175258
8	0.000504795557799091	0.0201918223119637	0.0	0.979303382130237
9	0.0	0.0	1.0	0.0
10	0.114634855979052	0.154786150712831	0.16613325574629	0.564445737561827
11	0.0157292659675882	0.459008579599619	0.059580552907531	0.465681601525262
12	0.291237113402062	0.231443298969072	0.361855670103093	0.115463917525773
