Pos	A	C	G	T
1	0.215799614643545	0.217726396917148	0.396917148362235	0.169556840077071
2	0.510140405616225	0.0452418096723869	0.297971918876755	0.146645865834633
3	0.0	0.957486136783734	0.0147874306839187	0.0277264325323475
4	0.588636363636364	0.0	0.411363636363636	0.0
5	0.0	0.869127516778524	0.0536912751677852	0.0771812080536913
6	0.1344	0.0	0.8288	0.0368
7	0.0326370757180157	0.27154046997389	0.0195822454308094	0.676240208877285
8	0.124657534246575	0.0657534246575342	0.70958904109589	0.1
9	0.193124368048534	0.52376137512639	0.193124368048534	0.089989888776542
10	0.361003861003861	0.335907335907336	0.268339768339768	0.0347490347490347
