Pos	A	C	G	T
1	0.211949523564254	0.126706155034767	0.454287921710018	0.207056399690961
2	0.161696487740225	0.0768721007289596	0.594212502761211	0.167218908769605
3	0.116674117121144	0.0404559678140367	0.763746088511399	0.0791238265534198
4	0.204533745492014	0.265327150953117	0.299330242143225	0.230808861411643
5	0.333758611890788	0.640214340392957	0.0201582036233733	0.00586884409288084
6	0.0887349128296826	0.108404112650872	0.604157353598569	0.198703620920876
7	0.00205761316872428	0.997427983539095	0.00051440329218107	0.0
8	0.995131949782219	0.00204970535485524	0.00128106584678452	0.00153727901614143
9	0.00118962645729241	0.060195098738996	0.884368308351178	0.0542469664525339
10	0.0192260890727671	0.89778534923339	0.0829885616938428	0.0
11	0.00256410256410256	0.00333333333333333	0.0	0.994102564102564
12	0.00128501670521717	0.000771010023130301	0.997943973271653	0.0
13	0.0290268855579348	0.88246490601951	0.00999286224125625	0.0785153461812991
14	0.0	0.0157286802654215	0.927254853772426	0.0570164659621529
15	0.0710520284208114	0.321796928718771	0.0731148292459317	0.534036213614485
16	0.107555555555556	0.773555555555556	0.0324444444444444	0.0864444444444444
17	0.258584442887176	0.575566456435412	0.0453165148329829	0.120532585844429
18	0.168212261720763	0.536579082946935	0.0893869139618753	0.205821741370428
