Pos	A	C	G	T
1	0.0905077262693157	0.411542100283822	0.187322611163671	0.310627562283191
2	0.644277507733098	0.0600972160848431	0.289733392252173	0.00589188392988658
3	0.748730664777424	0.14865981816035	0.101901050891487	0.000708466170740347
4	0.000315308213778969	0.999684691786221	0.0	0.0
5	0.996385920804525	0.000942803268384664	0.00267127592708988	0.0
6	0.0	0.00229779411764706	0.971354166666667	0.0263480392156863
7	0.0222050886661527	0.977794911333847	0.0	0.0
8	0.0	0.0	0.000472887767969735	0.99952711223203
9	0.0	0.0	1.0	0.0
10	0.00242774566473988	0.109595375722543	0.154913294797688	0.733063583815029
11	0.0087719298245614	0.281296461492715	0.0484686292001189	0.661462979482605
12	0.292652160201829	0.188584042888679	0.435509303058972	0.0832544938505203
