Pos	A	C	G	T
1	0.214780029658922	0.317103311913001	0.19327731092437	0.274839347503707
2	0.328467153284672	0.140464158712334	0.428785326595546	0.102283361407449
3	0.0101417399804497	0.988880742913001	0.0	0.000977517106549365
4	0.858947144979834	0.0	0.141052855020166	0.0
5	0.0	0.903942812465095	0.0	0.0960571875349045
6	0.121853298611111	0.0	0.878146701388889	0.0
7	0.00760291082871728	0.113391984359726	0.0	0.879005104811556
8	0.0	0.000827618822416647	0.956845589973989	0.0423267912035942
9	0.294451995551711	0.215247744964784	0.306190535030273	0.184109724453231
10	0.1186880385435	0.408412860187158	0.131474103585657	0.341424997683684
