Pos	A	C	G	T
1	0.00194411791301203	0.0	0.998055882086988	0.0
2	0.0167750648612148	0.185840707964602	0.0128300813874969	0.784554145786687
3	0.54074745186863	0.186908267270668	0.268674971687429	0.00366930917327293
4	0.745775764439411	0.104326160815402	0.104552661381653	0.0453454133635334
5	0.0	1.0	0.0	0.0
6	0.996884031791908	0.0	0.0	0.00311596820809249
7	0.0	0.0140383354545104	0.851363338347025	0.134598326198465
8	0.146928173467851	0.831011895798826	0.0220599307333233	0.0
9	0.00446468837377108	0.0	0.0	0.995535311626229
10	0.0	0.0	0.998191272891703	0.00180872710829754
11	0.0594790486976217	0.102695356738392	0.260294450736127	0.57753114382786
12	0.00394110985277463	0.355605889014723	0.0891053227633069	0.551347678369196
13	0.356704219129666	0.00971946101170753	0.618555334658714	0.0150209851999116
14	0.00643141962869271	0.946490588689277	0.000686018093727222	0.0463919735883034
