Pos	A	C	G	T
1	0.166871596697699	0.313894256103987	0.30985420692078	0.209379940277534
2	0.446756249096951	0.128160670423349	0.375668256032365	0.0494148244473342
3	0.0	0.051729873586161	0.00149700598802395	0.946773120425815
4	0.0146670577882077	0.0287474332648871	0.834848929304781	0.121736579642124
5	0.75470697427738	0.133916732962079	0.0190930787589499	0.0922832140015911
6	0.0740462601381796	0.433012916791829	0.421898468008411	0.07104235506158
7	0.0839234198793601	0.013637555730396	0.156045108838185	0.746393915552059
8	0.125612472160356	0.845137342242019	0.0262806236080178	0.00296956198960653
9	0.953593566761602	0.0010051934997487	0.0454012397386497	0.0
10	0.0468460771749964	0.362950306136978	0.142674070909868	0.447529545778157
11	0.212227687983134	0.297610681658468	0.316057624736472	0.174104005621926
