Pos	A	C	G	T
1	0.764908324927313	0.0503174508989497	0.131845962143239	0.052928262030499
2	0.375309965819985	0.48864017157027	0.127471349105288	0.00857851350445681
3	0.0363201554442867	0.963380913235184	0.000298931320529108	0.0
4	0.961154190277364	0.000149120190873844	0.0256486728303012	0.0130480167014614
5	0.0	0.00870816295623202	0.0151446312282296	0.976147205815538
6	0.980527877082224	0.0125503917243478	0.0068456682132806	7.60629801475622e-05
7	0.009723988331214	0.0260303687635575	0.0	0.964245642905229
8	7.47831289261143e-05	0.0	0.964029314986539	0.0358959018845348
9	0.00928585743870666	0.129534371033469	0.484467900327343	0.376711871200481
10	0.0546208388414854	0.127208268236991	0.043564475423627	0.774606417497897
