Pos	A	C	G	T
1	0.413182016586643	0.0997817546922741	0.455259711916194	0.0317765168048887
2	0.415560916767189	0.300060313630881	0.270707679935665	0.0136710896662646
3	0.0	0.996693718064322	0.00330628193567779	0.0
4	0.98670898631224	9.91866693116445e-05	0.0123983336639556	0.000793493354493156
5	0.0	0.0202839756592292	0.0188351202549986	0.960880904085772
6	0.964140337274666	0.020934289591006	0.0149253731343284	0.0
7	0.0	0.020384047267356	0.0	0.979615952732644
8	0.0	0.00180270405608413	0.996294441662494	0.00190285428142213
9	0.019199839163651	0.287595496582228	0.28437876960193	0.408825894652191
10	0.0244342259489676	0.474799386890271	0.0786223063745379	0.422144080786223
