Pos	A	C	G	T
1	0.163304392236977	0.136746680286006	0.465015321756895	0.234933605720123
2	0.598863263744672	0.118701497431413	0.257186577768062	0.0252486610558531
3	0.000125612360256249	0.0160783821127999	0.0	0.983796005526944
4	0.000781598928092899	0.0023447967842787	0.874497543546226	0.122376060741402
5	0.98876404494382	0.000757480116146951	0.000757480116146951	0.00972099482388587
6	0.000631153749053269	0.988639232517041	0.00290330724564504	0.00782630648826054
7	0.341596745486906	0.0041952707856598	0.654080854309687	0.000127129417747267
8	0.00746079919069297	0.00214972180070814	0.0	0.990389479008599
9	0.0731707317073171	0.918386491557223	0.00328330206378987	0.00515947467166979
10	0.980102615442373	0.0	0.0158928794894256	0.00400450506820173
11	0.0261659732866214	0.249945259470112	0.116378366542588	0.607510400700679
12	0.20173646578141	0.535623084780388	0.110188968335036	0.152451481103167
