Pos	A	C	G	T
1	0.177107501933488	0.173240525908739	0.440835266821346	0.208816705336427
2	0.316981132075472	0.138993710691824	0.49685534591195	0.0471698113207547
3	0.0	0.0933062880324544	0.0324543610547667	0.874239350912779
4	0.0189086980010805	0.143165856293895	0.698541329011345	0.139384116693679
5	0.896671289875173	0.0187239944521498	0.0575589459084605	0.0270457697642164
6	0.0	0.963487332339791	0.00447093889716841	0.0320417287630402
7	0.0588235294117647	0.00217864923747277	0.938997821350762	0.0
8	0.0110726643598616	0.069204152249135	0.0249134948096886	0.894809688581315
9	0.1002849002849	0.736752136752137	0.129344729344729	0.0336182336182336
10	0.850098619329389	0.0230111768573307	0.100591715976331	0.0262984878369494
11	0.0685579196217494	0.442080378250591	0.166666666666667	0.322695035460993
12	0.180974477958237	0.450116009280742	0.204949729311678	0.163959783449343
