Pos	A	C	G	T
1	0.680589087397393	0.0979398036375342	0.211250603573153	0.0102205053919202
2	0.0418560405876757	0.0588732692104429	0.00539055068174612	0.893880139520135
3	0.00853111670130154	0.924969922344963	0.0610302964016187	0.00546866455211637
4	0.920740337506805	0.0050081654872074	0.0468154599891127	0.0274360370168753
5	0.00595352410217016	0.812079892452468	0.0932398694065681	0.0887267140387939
6	0.484170616113744	0.317440758293839	0.163127962085308	0.035260663507109
7	0.0128164389365533	0.895773752780426	0.0	0.0914098082830209
8	0.00556111667222778	0.940607273940607	0.0224669113558002	0.0313646980313647
9	0.937687105000554	0.000997893336290054	0.057656059430092	0.00365894223306353
10	0.000115127791848952	0.473750863458439	0.0262491365415611	0.499884872208151
