Pos	A	C	G	T
1	0.237607650710995	0.333066292809934	0.300771079511316	0.128554976967755
2	0.713349406196982	0.0441289400839361	0.234503080632199	0.00801857308688276
3	0.00137036583873731	0.0201884253028264	0.000978832741955218	0.977462376116481
4	0.000747785852826397	0.00245367232958661	0.93342369079055	0.0633748510270371
5	0.942097690983278	0.0293874855539046	0.002169862496757	0.0263449609660605
6	0.0811856211898255	0.422640319529115	0.417069581669119	0.0791044776119403
7	0.0257373794668179	0.00151257326526754	0.0287152580828134	0.944034789185101
8	0.0631947687996263	0.932835123773937	0.00205511443250817	0.00191499299392807
9	0.979475736249724	0.000931806478507148	0.0187096932394988	0.00088276403226993
10	0.00789866676262617	0.233811331618057	0.0396012882563558	0.718688713362961
11	0.130329202653649	0.306095881837527	0.327425209663287	0.236149705845538
