Pos	A	C	G	T
1	0.120860927152318	0.354304635761589	0.382450331125828	0.142384105960265
2	0.357466063348416	0.0467571644042232	0.555052790346908	0.0407239819004525
3	0.0112179487179487	0.00961538461538462	0.00961538461538462	0.969551282051282
4	0.0565610859728507	0.0576923076923077	0.684389140271493	0.201357466063348
5	0.907046476761619	0.00299850074962519	0.0434782608695652	0.0464767616191904
6	0.00483091787439614	0.974235104669887	0.0	0.0209339774557166
7	0.132791327913279	0.0311653116531165	0.819783197831978	0.016260162601626
8	0.021671826625387	0.0417956656346749	0.0	0.936532507739938
9	0.123159303882195	0.809906291834003	0.0642570281124498	0.00267737617135207
10	0.925076452599388	0.0137614678899083	0.0535168195718654	0.00764525993883792
11	0.117073170731707	0.197073170731707	0.095609756097561	0.590243902439024
12	0.0859504132231405	0.444628099173554	0.360330578512397	0.109090909090909
