Pos	A	C	G	T
1	0.142857142857143	0.358684480986639	0.424460431654676	0.0739979445015416
2	0.468982630272953	0.191894127377998	0.335814722911497	0.0033085194375517
3	0.0139130434782609	0.135652173913043	0.00434782608695652	0.846086956521739
4	0.0670352453351762	0.162404975812025	0.672425708362129	0.0981340704906704
5	0.706608569353667	0.0334059549745824	0.0530137981118373	0.206971677559913
6	0.0	0.95956607495069	0.0404339250493097	0.0
7	0.41871921182266	0.0413793103448276	0.539901477832512	0.0
8	0.016289592760181	0.10316742081448	0.0	0.880542986425339
9	0.119878603945372	0.738239757207891	0.0515933232169954	0.090288315629742
10	0.828085106382979	0.0	0.155744680851064	0.0161702127659574
11	0.0243266724587315	0.383145091225022	0.130321459600348	0.462206776715899
12	0.0955806783144913	0.525179856115108	0.313463514902364	0.065775950668037
