Pos	A	C	G	T
1	0.0	0.382978723404255	0.39651837524178	0.220502901353965
2	0.740279937791602	0.0	0.191290824261275	0.0684292379471229
3	0.0	0.0967741935483871	0.0	0.903225806451613
4	0.0422018348623853	0.0330275229357798	0.873394495412844	0.0513761467889908
5	0.720121028744327	0.131618759455371	0.0242057488653555	0.124054462934947
6	0.0568627450980392	0.486274509803922	0.447058823529412	0.00980392156862745
7	0.105187319884726	0.0389048991354467	0.170028818443804	0.685878962536023
8	0.0515267175572519	0.908396946564885	0.0400763358778626	0.0
9	0.891385767790262	0.00187265917602996	0.106741573033708	0.0
10	0.0821917808219178	0.102739726027397	0.0	0.815068493150685
11	0.0926315789473684	0.488421052631579	0.24	0.178947368421053
