Pos	A	C	G	T
1	0.279269183922046	0.0202679658952497	0.635956151035323	0.0645066991473812
2	0.100881250304299	0.10015093237256	0.603388675203272	0.19557914211987
3	0.887765957446809	0.0771276595744681	0.0351063829787234	0.0
4	0.0	0.0	0.000381873727087576	0.999618126272912
5	0.0	0.0	1.0	0.0
6	0.999936236689409	6.37633105910859e-05	0.0	0.0
7	0.0	0.975597515839659	0.0	0.0244024841603413
8	0.773535836887548	0.0	0.226464163112452	0.0
9	0.0	0.0	0.0	1.0
10	0.0	1.0	0.0	0.0
11	0.999936305732484	0.0	0.0	6.36942675159236e-05
12	5.71820677035682e-05	0.0447163769441903	0.108360018298262	0.846866422689844
13	0.14660751565762	0.725521920668058	0.0509394572025052	0.0769311064718163
14	0.0564954981695854	0.667309785297319	0.00766795290392797	0.268526763629168
