Pos	A	C	G	T
1	0.171697143276786	0.3221708158919	0.257031651611956	0.249100389219358
2	0.334648370497427	0.208747855917667	0.443910806174957	0.0126929674099485
3	0.0	0.0	0.0	1.0
4	0.0	0.0	0.0951558243072629	0.904844175692737
5	0.766420892666179	0.0	0.233579107333821	0.0
6	0.0	0.978724933515417	0.0	0.0212750664845828
7	0.375605815831987	0.0	0.624394184168013	0.0
8	0.0	0.144015589640432	0.0	0.855984410359568
9	0.898930551888038	0.101069448111962	0.0	0.0
10	1.0	0.0	0.0	0.0
11	0.0174795117198693	0.470915238695627	0.202074617456588	0.309530632127916
12	0.24996328388897	0.274122484946394	0.313702452636217	0.162211778528418
