Pos	A	C	G	T
1	0.195903829029386	0.269367764915405	0.271593944790739	0.26313446126447
2	0.439451637471439	0.103960396039604	0.415841584158416	0.0407463823305407
3	0.00757894736842105	0.0425263157894737	0.00421052631578947	0.945684210526316
4	0.0163102573396158	0.029720913374411	0.81406306632838	0.139905762957593
5	0.917483660130719	0.0122549019607843	0.0236928104575163	0.0465686274509804
6	0.0	0.987252747252747	0.00791208791208791	0.00483516483516484
7	0.390542907180385	0.0144483362521891	0.592819614711033	0.00218914185639229
8	0.0239495798319328	0.0260504201680672	0.00630252100840336	0.943697478991597
9	0.0963809523809524	0.855619047619048	0.035047619047619	0.012952380952381
10	0.958191126279863	0.0127986348122867	0.0290102389078498	0.0
11	0.036144578313253	0.500194325689856	0.0909444228527011	0.37271667314419
12	0.256455921638468	0.281834372217275	0.290739091718611	0.170970614425646
