Pos	A	C	G	T
1	0.155038759689922	0.201550387596899	0.315891472868217	0.327519379844961
2	0.106750392464678	0.0847723704866562	0.436420722135008	0.372056514913658
3	0.442857142857143	0.476785714285714	0.0535714285714286	0.0267857142857143
4	0.0726600985221675	0.63423645320197	0.173645320197044	0.119458128078818
5	0.756240822320117	0.00881057268722467	0.224669603524229	0.0102790014684288
6	0.0	0.973534971644612	0.0113421550094518	0.0151228733459357
7	0.0424354243542435	0.0	0.950184501845018	0.00738007380073801
8	0.0054249547920434	0.0632911392405063	0.0	0.93128390596745
9	0.0639097744360902	0.206766917293233	0.645363408521303	0.0839598997493734
10	0.0958702064896755	0.0383480825958702	0.759587020648968	0.106194690265487
11	0.144754316069057	0.683930942895086	0.0703851261620186	0.100929614873838
12	0.406976744186047	0.199612403100775	0.294573643410853	0.0988372093023256
