Pos	A	C	G	T
1	0.659058075700665	0.107483386304536	0.226524125975152	0.0069344120196475
2	0.0224763406940063	0.0733438485804416	0.00473186119873817	0.899447949526814
3	0.00470890410958904	0.976455479452055	0.0188356164383562	0.0
4	0.971878994461014	0.0	0.0234341712824883	0.00468683425649766
5	0.00251572327044025	0.956394129979036	0.0146750524109015	0.0264150943396226
6	0.149524101934295	0.136935830518882	0.700337734111145	0.013202333435677
7	0.0126528890763391	0.962041332770983	0.00421762969211303	0.0210881484605652
8	0.0	0.812900926585887	0.158232359230221	0.0288667141838917
9	0.99217050891692	0.000869943453675511	0.00434971726837756	0.00260983036102653
10	0.00043271311120727	0.659887494591086	0.0125486802250108	0.327131112072696
