Pos	A	C	G	T
1	0.184736300866755	0.53356838548553	0.0612971940649332	0.220398119582782
2	0.0791980944819373	0.0184927881434432	0.900754267566495	0.00155484980812492
3	0.0	0.000146886016451234	0.0	0.999853113983549
4	0.0365599745915235	0.960863888202703	0.0	0.00257613720577337
5	0.999706271111764	0.0	0.000293728888236158	0.0
6	0.000495189586870402	0.00077815506508206	0.963073005093379	0.0356536502546689
7	0.0	0.999963274450035	0.0	3.67255499651107e-05
8	0.888497307880568	0.00221895904715288	0.0903246859193996	0.0189590471528798
9	0.247576024680476	0.293190832966064	0.208204789187601	0.251028353165859
10	0.449341007390253	0.0279944147396383	0.0447501958246773	0.477914382045431
11	0.346355829962387	0.0225321126960471	0.0113192818110851	0.61979277553048
12	0.190198733898145	0.116059336713804	0.0263928695159208	0.66734905987213
13	0.151682091964155	0.205229910386367	0.113926840017629	0.52916115763185
