Pos	A	C	G	T
1	0.363636363636364	0.2	0.354545454545455	0.0818181818181818
2	0.0985915492957746	0.0352112676056338	0.0985915492957746	0.767605633802817
3	0.145348837209302	0.168604651162791	0.633720930232558	0.0523255813953488
4	0.698717948717949	0.102564102564103	0.0833333333333333	0.115384615384615
5	0.0	0.947826086956522	0.00869565217391304	0.0434782608695652
6	0.406091370558376	0.0406091370558376	0.553299492385787	0.0
7	0.0297619047619048	0.648809523809524	0.0178571428571429	0.303571428571429
8	0.043859649122807	0.0	0.956140350877193	0.0
9	0.198795180722892	0.0	0.144578313253012	0.656626506024096
10	0.0923076923076923	0.558974358974359	0.179487179487179	0.169230769230769
11	0.668711656441718	0.122699386503067	0.116564417177914	0.0920245398773006
12	0.0917431192660551	0.422018348623853	0.110091743119266	0.376146788990826
