Pos	A	C	G	T
1	0.160664819944598	0.110803324099723	0.250692520775623	0.477839335180055
2	0.0569620253164557	0.0210970464135021	0.727848101265823	0.194092827004219
3	0.273567467652495	0.637707948243993	0.0499075785582255	0.0388170055452865
4	0.122137404580153	0.658396946564885	0.173664122137405	0.0458015267175573
5	0.880102040816326	0.0178571428571429	0.0969387755102041	0.00510204081632653
6	0.0167130919220056	0.96100278551532	0.0	0.0222841225626741
7	0.0431266846361186	0.0242587601078167	0.929919137466307	0.00269541778975741
8	0.0	0.115384615384615	0.0	0.884615384615385
9	0.103238866396761	0.0991902834008097	0.698380566801619	0.0991902834008097
10	0.0335305719921105	0.0355029585798817	0.680473372781065	0.250493096646943
11	0.159420289855072	0.714285714285714	0.0227743271221532	0.10351966873706
12	0.316628701594533	0.136674259681093	0.469248291571754	0.0774487471526196
