Pos	A	C	G	T
1	0.0555555555555556	0.243961352657005	0.0869565217391304	0.613526570048309
2	0.0941915227629513	0.120879120879121	0.649921507064364	0.135007849293564
3	0.569620253164557	0.116033755274262	0.30379746835443	0.0105485232067511
4	0.00236406619385343	0.0118203309692671	0.00709219858156028	0.978723404255319
5	0.0	0.0	1.0	0.0
6	0.985714285714286	0.00238095238095238	0.00714285714285714	0.00476190476190476
7	0.00232018561484919	0.960556844547564	0.0255220417633411	0.0116009280742459
8	0.0165876777251185	0.0023696682464455	0.981042654028436	0.0
9	0.00717703349282297	0.0	0.00239234449760766	0.990430622009569
10	0.00932400932400932	0.0163170163170163	0.965034965034965	0.00932400932400932
11	0.0	0.0	0.85360824742268	0.14639175257732
12	0.0186480186480186	0.965034965034965	0.0	0.0163170163170163
13	0.661341853035144	0.0175718849840256	0.298722044728434	0.0223642172523962
14	0.207228915662651	0.190361445783133	0.318072289156626	0.28433734939759
