Pos	A	C	G	T
1	0.303654612687893	0.292465062671085	0.114536810257888	0.289343514383134
2	0.139637504102695	0.0852631195069472	0.759345027533642	0.0157543488567157
3	0.0	0.00201072386058981	0.00114898506319418	0.996840291076216
4	0.0453799890650629	0.94869691999271	0.000820120284308365	0.00510297065791872
5	0.97126597630376	0.0	0.0287340236962403	0.0
6	0.0	0.0	0.948999589809033	0.0510004101909667
7	0.000335779728498105	0.998800786683935	0.000383748261140692	0.000479685326425865
8	0.685069421596368	0.00493518457590314	0.281470026979009	0.0285253668487201
9	0.239218134665258	0.286523868984728	0.222216885985976	0.252041110364038
10	0.419677509702717	0.0594166366582643	0.107430080422518	0.413475773216501
11	0.409384266527124	0.0558171986743415	0.0361939647653933	0.498604570033141
12	0.229296416242571	0.193138545855724	0.065803053489448	0.511761984412257
13	0.182547305734319	0.256219383344539	0.194553837287484	0.366679473633657
