Pos	A	C	G	T
1	0.170192906036092	0.361543248288737	0.235843186060983	0.232420659614188
2	0.31941431670282	0.227440347071584	0.377765726681128	0.0753796095444685
3	0.0157179917594995	0.0	0.00335724095833969	0.980924767282161
4	0.00769146247665092	0.0	0.286012526096033	0.706296011427316
5	0.54856641310708	0.0	0.39174956114687	0.0596840257460503
6	0.0350226139394642	0.745448219877073	0.0432564072828482	0.176272758900615
7	0.160284200385356	0.0372109826589595	0.774084778420039	0.0284200385356455
8	0.0808467227748023	0.819688854883958	0.0	0.0994644223412395
9	0.922767728969279	0.0772322710307206	0.0	0.0
10	0.991975308641975	0.00216049382716049	0.0	0.0058641975308642
11	0.0645546921697549	0.432277346084877	0.167005379557681	0.336162582187687
12	0.273533530418547	0.279290493231679	0.290337638089311	0.156838338260464
