Pos	A	C	G	T
1	0.197125256673511	0.152635181382615	0.462012320328542	0.188227241615332
2	0.849418604651163	0.0593023255813954	0.0697674418604651	0.0215116279069767
3	0.00267916945746818	0.00602813127930342	0.0127260549229739	0.978566644340255
4	0.0148367952522255	0.00178041543026706	0.867062314540059	0.116320474777448
5	0.981854838709677	0.00604838709677419	0.010752688172043	0.00134408602150538
6	0.0	0.972703062583222	0.00932090545938748	0.0179760319573901
7	0.0279039584685269	0.0188189487345879	0.948085658663206	0.00519143413367943
8	0.0099601593625498	0.0146082337317397	0.00531208499335989	0.970119521912351
9	0.10865671641791	0.872238805970149	0.013134328358209	0.00597014925373134
10	0.968832891246684	0.00994694960212202	0.0212201591511936	0.0
11	0.00970873786407767	0.386407766990291	0.0446601941747573	0.559223300970874
12	0.161533196440794	0.494866529774127	0.142368240930869	0.201232032854209
