Pos	A	C	G	T
1	0.202909270216963	0.263067061143984	0.238905325443787	0.295118343195266
2	0.460792079207921	0.131089108910891	0.342178217821782	0.0659405940594059
3	0.00319567354965585	0.0	0.0	0.996804326450344
4	0.0	0.0	0.140343438626245	0.859656561373754
5	0.425560239627246	0.0	0.474151320168627	0.100288440204127
6	0.0	0.877705627705628	0.0	0.122294372294372
7	0.095471782288646	0.0	0.904528217711354	0.0
8	0.111314611314611	0.825193325193325	0.0	0.0634920634920635
9	0.98160251755023	0.01839748244977	0.0	0.0
10	0.997785433070866	0.00221456692913386	0.0	0.0
11	0.0634985661614093	0.362965997541991	0.105899221630479	0.46763621466612
12	0.322644301924026	0.232363098174642	0.229896398618648	0.215096201282684
