Pos	A	C	G	T
1	0.252788104089219	0.361338289962825	0.113754646840149	0.272118959107807
2	0.186096770320567	0.123184055708969	0.645935886661064	0.0447832873094009
3	0.037609841827768	0.016871704745167	0.0	0.945518453427065
4	0.128946959091616	0.836833100015555	0.00419972001866542	0.0300202208741639
5	0.960371295965727	0.0	0.0394501963584434	0.000178507675830061
6	0.00831600831600832	0.011194626579242	0.860387014233168	0.120102350871582
7	0.0	0.980678089682829	0.0	0.019321910317171
8	0.620257570483815	0.0196658545074835	0.316045945005221	0.0440306300034807
9	0.264547313627068	0.28276631344116	0.164342814649563	0.288343558282209
