Pos	A	C	G	T
1	0.156021580229725	0.107379046293073	0.259223807866342	0.47737556561086
2	0.0555337776035542	0.750882007056056	0.0303802430419443	0.163203972298445
3	0.518730817837155	0.261870373713667	0.201119335620148	0.0182794728290305
4	0.00315834400341443	0.981049935979513	0.00495091762697396	0.0108408023900982
5	0.0788032315486786	0.786868410242366	0.105915377242229	0.028412980966726
6	0.0	0.0025169241451137	0.0	0.997483075854886
7	1.0	0.0	0.0	0.0
8	0.00843300920746924	0.00240943120213407	0.000172102228723862	0.988985457361673
9	0.845322153574581	0.0	0.154162989114445	0.000514857310973816
10	0.0	0.174294850379421	0.548513339378609	0.27719181024197
11	0.400330636039328	0.402331854172105	0.121291220743061	0.076046289045506
