Pos	A	C	G	T
1	0.141761438772811	0.402010050251256	0.236180904522613	0.220047606453319
2	0.284173297966401	0.224226348364279	0.384438549955791	0.107161803713528
3	0.0471743295019157	0.0354406130268199	0.0119731800766284	0.905411877394636
4	0.0285138695180536	0.0185960018596002	0.366961103362777	0.585929025259569
5	0.553222302679218	0.0	0.359160028964518	0.0876176683562636
6	0.034941131788834	0.718002278769465	0.0632358526395746	0.183820736802127
7	0.161855273287144	0.0662047729022325	0.727675134719015	0.0442648190916089
8	0.108941418293936	0.777183967112025	0.0	0.113874614594039
9	0.810330047149593	0.180025717959709	0.00514359194170596	0.00450064294899271
10	0.939845886154611	0.00820283370618941	0.0159085259756401	0.0360427541635595
11	0.0759961127308066	0.426627793974733	0.189310009718173	0.308066083576288
12	0.252578682888125	0.259190690293573	0.334567574715684	0.153663052102618
