Pos	A	C	G	T
1	0.303415409054805	0.180301826846704	0.223987291501191	0.292295472597299
2	0.0946608946608947	0.216450216450216	0.0363636363636364	0.652525252525253
3	0.0336509827278142	0.0364800476474092	0.914681357951161	0.0151876116736152
4	0.0981741573033708	0.831460674157303	0.0175561797752809	0.0528089887640449
5	0.103729158711977	0.0866743031691485	0.0514191167112129	0.758177421407662
6	0.0863390725147669	0.0448661555862762	0.742490888525826	0.126303883373131
7	0.779177718832891	0.0994694960212202	0.0244031830238727	0.0969496021220159
8	0.0840797457382259	0.436723490320717	0.411297312915342	0.0678994510257151
9	0.100468227424749	0.0223411371237458	0.0953846153846154	0.78180602006689
10	0.116838046272494	0.758611825192802	0.0426735218508997	0.0818766066838046
11	0.774806201550388	0.0445736434108527	0.0892764857881137	0.091343669250646
12	0.049744172825469	0.0201819215463331	0.846645821489483	0.0834280841387152
13	0.0159433126660762	0.912902273398288	0.0352819604369649	0.0358724534986714
14	0.645780622116386	0.032445304360768	0.240363149278166	0.0814109242446793
15	0.301239275500477	0.226088338099778	0.171591992373689	0.301080394026057
