Pos	A	C	G	T
1	0.193385826771654	0.380787401574803	0.136377952755906	0.289448818897638
2	0.156889809063722	0.0908672647803083	0.730388773867035	0.0218541522889349
3	0.0427107061503417	0.0	0.053246013667426	0.904043280182232
4	0.0792902689215415	0.880232880510119	0.00221790962018298	0.0382589409481564
5	0.91235632183908	0.0152298850574713	0.042816091954023	0.0295977011494253
6	0.0237834882449426	0.0276107162383816	0.867960634226353	0.0806451612903226
7	0.0	0.937131050767414	0.000885478158205431	0.0619834710743802
8	0.652324574068727	0.0277216286456829	0.264221773029165	0.0557320242564251
9	0.240390674228103	0.286704473850032	0.190926275992439	0.281978575929427
