Pos	A	C	G	T
1	0.204784012918853	0.267763423496165	0.219216794509487	0.308235769075495
2	0.432970005569258	0.152120295966266	0.355278860688997	0.0596308377754794
3	0.0	0.0	0.0	1.0
4	0.0	0.0	0.153921694206054	0.846078305793946
5	0.566597392782921	0.0	0.369355752881164	0.0640468543359154
6	0.0217418944691672	0.839838948929858	0.0169103623649078	0.121508794236067
7	0.0824770391925071	0.00909338910611985	0.900972992634355	0.00745657906701828
8	0.0807178562648529	0.811931492256003	0.0	0.107350651479144
9	0.982985267126346	0.0170147328736544	0.0	0.0
10	1.0	0.0	0.0	0.0
11	0.0385361328948478	0.374441352559238	0.125980268150772	0.461042246395143
12	0.330456724703507	0.225435276305829	0.247943477163765	0.196164521826899
