Pos	A	C	G	T
1	0.30880420499343	0.11957950065703	0.208935611038108	0.362680683311432
2	0.084472049689441	0.231055900621118	0.00869565217391304	0.675776397515528
3	0.0	0.0228426395939086	0.969543147208122	0.00761421319796954
4	0.0466926070038911	0.927367055771725	0.00389105058365759	0.0220492866407263
5	0.0433295324971494	0.112884834663626	0.0273660205245154	0.816419612314709
6	0.0	0.0256124721603563	0.728285077951002	0.246102449888641
7	0.968871595330739	0.0311284046692607	0.0	0.0
8	0.0105633802816901	0.67018779342723	0.154929577464789	0.164319248826291
9	0.239104829210836	0.124852767962309	0.623085983510012	0.0129564193168433
10	0.0	0.050430504305043	0.025830258302583	0.923739237392374
11	0.16348195329087	0.767515923566879	0.0233545647558386	0.0456475583864119
12	0.898181818181818	0.0	0.0715151515151515	0.0303030303030303
13	0.0285714285714286	0.0182857142857143	0.805714285714286	0.147428571428571
14	0.00645994832041344	0.970284237726098	0.00904392764857881	0.0142118863049096
15	0.715909090909091	0.00505050505050505	0.214646464646465	0.0643939393939394
16	0.287779237844941	0.180026281208936	0.173455978975033	0.358738501971091
