Pos	A	C	G	T
1	0.171634121274409	0.238437821171634	0.384378211716341	0.205549845837616
2	0.543782837127846	0.113835376532399	0.307355516637478	0.0350262697022767
3	0.0029126213592233	0.0436893203883495	0.00970873786407767	0.94368932038835
4	0.0	0.057492931196984	0.916116870876532	0.0263901979264844
5	0.78513731825525	0.0880452342487884	0.0533117932148627	0.0735056542810986
6	0.432682425488181	0.103802672147996	0.0637204522096608	0.399794450154162
7	0.0660828025477707	0.0262738853503185	0.133757961783439	0.773885350318471
8	0.015962441314554	0.912676056338028	0.0713615023474178	0.0
9	0.973947895791583	0.0	0.0260521042084168	0.0
10	0.0412844036697248	0.291743119266055	0.0669724770642202	0.6
11	0.219135802469136	0.3940329218107	0.213991769547325	0.172839506172839
