Pos	A	C	G	T
1	0.0696439725171768	0.258276077451593	0.0671455340412242	0.604934415990006
2	0.0363462458153993	0.0181731229076997	0.926351028216165	0.0191296030607365
3	0.147659574468085	0.824255319148936	0.0225531914893617	0.00553191489361702
4	0.0632377740303541	0.816610455311973	0.0670320404721754	0.0531197301854975
5	0.979767324228629	0.00354071825998988	0.0166919575113809	0.0
6	0.00198807157057654	0.96272365805169	0.010934393638171	0.0243538767395626
7	0.0232673267326733	0.0133663366336634	0.958910891089109	0.00445544554455446
8	0.00149328023892484	0.0293678446988552	0.00497760079641613	0.964161274265804
9	0.0478610758153325	0.0542143159678102	0.820415078356629	0.0775095298602287
10	0.0155396892062159	0.0197396052078958	0.81352372952541	0.151196976060479
11	0.0273069679849341	0.91195856873823	0.0108286252354049	0.0499058380414313
12	0.585373224539136	0.0492595950438199	0.287700211544273	0.0776669688727712
