Pos	A	C	G	T
1	0.0598876371444539	0.466276436156131	0.0456805012206959	0.428155425478719
2	0.194789506074351	0.0942948966334648	0.693091422970848	0.0178241743213366
3	0.00134373361300472	0.996591504981647	0.0	0.00206476140534872
4	1.0	0.0	0.0	0.0
5	0.0	1.0	0.0	0.0
6	0.000322102686336404	0.979449848611737	0.00080525671584101	0.0194227919860852
7	0.000460193281178095	0.0	0.0	0.999539806718822
8	6.57505424419752e-05	0.000263002169767901	0.99967124728779	0.0
9	0.0511528050032671	0.548679174834313	0.00270699150564734	0.397461028656772
10	0.161004965635174	0.276760169686606	0.126968989443915	0.435265875234306
