Pos	A	C	G	T
1	0.0165392807918807	0.589399824583386	0.0664077183310362	0.327653176293698
2	0.353158868622786	0.00237906423473434	0.629791171028284	0.0146708961141951
3	0.175994694960212	0.000928381962864721	0.817506631299735	0.00557029177718833
4	0.00501517751088821	0.98733007786723	0.000527913422198759	0.00712683119968325
5	0.273095325726905	0.000613421666053245	0.611581401055085	0.114709851551957
6	0.0	0.0	1.0	0.0
7	0.0	0.000399893361770195	0.0	0.99960010663823
8	0.0	0.0	0.00678281686394467	0.993217183136055
9	0.0	0.000666666666666667	0.0	0.999333333333333
10	0.000265745415891576	0.994419346266277	0.0	0.00531490831783152
11	0.436322929013565	0.00737521401290662	0.549980244962465	0.00632161201106282
12	1.0	0.0	0.0	0.0
13	0.000133297787256732	0.000799786723540389	0.999066915489203	0.0
14	0.00333374490677861	0.0	0.907766390912458	0.0888998641807631
15	0.0168171909062597	0.405481158517596	0.564413993563791	0.0132876570123534
16	0.0196766512094247	0.00438651460082717	0.0432385010652964	0.932698333124452
17	0.0236333941781151	0.143241425689307	0.152656355077337	0.680468825055241
18	0.384932503435454	0.326570204510549	0.235550885134589	0.0529464069194083
19	0.0	0.982370740692014	0.000263123273253519	0.0173661360347323
20	0.0	0.999866684442074	0.0	0.00013331555792561
