Pos	A	C	G	T
1	0.186049842452019	0.422801489544543	0.101690060154683	0.289458607848754
2	0.389583619623471	0.569740277586918	0.0109935412944895	0.0296825614951216
3	0.00633624331174317	0.982962545761757	0.0	0.0107012109264996
4	0.0980649784997611	0.00322503583373149	0.833850931677019	0.0648590539894888
5	0.0	0.997998570407434	0.000428877769835597	0.00157255182273052
6	0.000572573718866304	0.999284282851417	0.0	0.000143143429716576
7	0.0	0.95708801754867	0.00205648478201261	0.0408554976693172
8	0.728325508607199	0.257694314032342	0.0114762649973918	0.00250391236306729
9	0.0	0.999856774563162	0.000143225436837582	0.0
10	0.160612879031394	0.0182149362477231	0.74799099967856	0.0731811850423229
11	0.0110298832884443	0.895344363216622	0.0270616903937412	0.0665640631011928
12	0.57254162224227	0.149183958008694	0.226933486426638	0.0513409333223981
13	0.241512677266867	0.452370720527145	0.0873800315141097	0.218736570691878
