Pos	A	C	G	T
1	0.0982885085574572	0.117359413202934	0.182885085574572	0.601466992665037
2	0.0136396267049533	0.0366116295764537	0.0667623833452979	0.882986360373295
3	0.00476190476190476	0.0	0.019047619047619	0.976190476190476
4	0.0	0.0	0.0	1.0
5	0.0991398822996831	0.282933454051607	0.0611136260751471	0.556813037573563
6	0.187144019528072	0.211554109031733	0.100081366965012	0.501220504475183
7	0.189585028478438	0.235964198535395	0.160292921074044	0.414157851912124
8	0.199349064279902	0.269324654190399	0.241659886086249	0.28966639544345
9	0.270951993490643	0.225386493083808	0.270138323840521	0.233523189585028
10	0.271765663140765	0.197721724979658	0.274206672091131	0.256305939788446
11	0.233333333333333	0.23739837398374	0.266666666666667	0.26260162601626
12	0.282113821138211	0.242276422764228	0.267479674796748	0.208130081300813
13	0.228455284552846	0.238211382113821	0.261788617886179	0.271544715447154
14	0.234146341463415	0.217073170731707	0.266666666666667	0.282113821138211
15	0.292682926829268	0.216260162601626	0.229268292682927	0.261788617886179
16	0.395443449959317	0.155410903173312	0.246541903986981	0.202603742880391
17	0.48780487804878	0.119512195121951	0.205691056910569	0.186991869918699
18	0.548372715113687	0.0967454302273741	0.284886312973696	0.069995541685243
19	0.957943925233645	0.0350467289719626	0.0	0.00700934579439252
20	0.958690568978956	0.0381917381137958	0.00311769290724864	0.0
21	0.894545454545455	0.0654545454545455	0.0370909090909091	0.00290909090909091
22	0.626272912423625	0.146130346232179	0.142057026476578	0.0855397148676171
