Pos	A	C	G	T
1	0.378975491959102	0.179674253712172	0.188948260802548	0.252401993526178
2	0.0865228774467024	0.153118896230728	0.0540248514316586	0.706333374890911
3	0.0971396140749149	0.00853575482406356	0.845947786606129	0.0483768444948922
4	0.0137568532769981	0.973794074744731	0.00367184749258086	0.00877722448568985
5	0.0136814359231831	0.0130538471193674	0.00160662733776829	0.971658089619681
6	0.0641880880467613	0.0925012494296082	0.064014254362139	0.779296408161491
7	0.00332787220970715	0.000793569526930166	0.000153594101986484	0.995724964161376
8	0.0	0.949913686806412	2.46609124537608e-05	0.0500616522811344
9	0.0274556071028635	0.187070068788994	0.095944648856183	0.68952967525196
10	0.994223937434508	0.000741176169908247	0.00145679454085414	0.00357809185472947
11	0.0849670088849718	0.000214382696934327	0.898072937757557	0.0167456706605369
12	0.00470634375919208	0.0146092754191587	0.931807039905873	0.0488773409157761
13	0.878647152640961	0.0174734965756638	0.0483394314663664	0.0555399193170091
14	0.902638415520652	0.00598231522749482	0.0102962556903496	0.0810830135615035
15	0.221424296828247	0.234801281374309	0.0329320237969515	0.510842398000493
16	0.218876843241021	0.179134768535169	0.219673226121358	0.382315162102451
