Pos	A	C	G	T
1	0.257604757673115	0.309419645908811	0.236345614874564	0.196629981543509
2	0.154103668742968	0.360672831545153	0.0898389265428203	0.395384573169059
3	0.0831624946050928	0.0268396633577902	0.731009926629262	0.158987915407855
4	0.0752407764113202	0.0346125351903986	0.0574010964587346	0.832745591939547
5	0.0643296398106952	0.777906877887041	0.152974183126931	0.00478929917533369
6	0.0308763281484195	0.966658894847284	0.00119908070479299	0.00126569629950371
7	0.0548261123581686	0.862888595061652	0.00252144767996064	0.0797638449002183
8	0.119073937607467	0.47472979611889	0.0179624170965365	0.388233849177106
9	0.277987863864216	0.532956644094627	0.0665069035265148	0.122548588514643
10	0.154869399265104	0.791181245905375	0.0164354687099439	0.0375138861195773
11	0.217345403086323	0.564545474965745	0.0508097666165008	0.167299355331432
12	0.0163651452282158	0.960365145228216	9.95850622406639e-05	0.0231701244813278
13	0.919145764469505	0.0101756432691684	0.063808412729276	0.00687017953205004
14	0.996014443384657	0.00265703774356179	0.0	0.0013285188717809
15	0.806282107735212	0.00728019961837663	0.182386613826508	0.00405107881990313
16	0.212496154766381	0.0453224869262057	0.322555285914482	0.419626072392932
17	0.306703370720708	0.505578820979881	0.030339414882713	0.157378393416698
18	0.139966503742694	0.407047885976006	0.103530778958882	0.349454831322419
