Pos	A	C	G	T
1	0.152250623977967	0.142094844651003	0.121352956364575	0.584301575006455
2	0.209891435464415	0.0484364851071727	0.627447341560731	0.114224737867681
3	0.245050932154526	0.747261195464155	0.0020180665000961	0.00566980588122237
4	0.00389380530973451	0.995634218289085	0.000235988200589971	0.000235988200589971
5	0.0	0.0	0.0	1.0
6	0.0	0.993303571428571	0.000234962406015038	0.00646146616541353
7	0.902111967817633	0.0	0.0975527991954408	0.000335232986925914
8	0.0576966418751409	0.0	0.942303358124859	0.0
9	0.0	0.0220147533425542	0.0	0.977985246657446
10	0.0235586598792471	0.0088788919142891	0.00497217947200189	0.962590268734462
11	0.0	0.0	0.00187661271405114	0.998123387285949
12	0.544580009385265	0.448029094321915	0.00340215861098076	0.00398873768183951
13	0.00624277456647399	0.953179190751445	0.0	0.0405780346820809
14	0.088153681963714	0.825933831376734	0.0503735325506937	0.0355389541088581
15	0.155254237288136	0.455786924939467	0.11409200968523	0.274866828087167
