Pos	A	C	G	T
1	0.212044105173876	0.344925077749505	0.264348317783432	0.178682499293186
2	0.380149413020277	0.196371398078975	0.374599786552828	0.0488794023479189
3	0.0681334279630944	0.836763662171753	0.0652945351312988	0.0298083747338538
4	0.00934809348093481	0.870110701107011	0.109717097170972	0.0108241082410824
5	0.481880108991826	0.421117166212534	0.0682561307901907	0.0287465940054496
6	0.0	1.0	0.0	0.0
7	0.379652605459057	0.0190239867659222	0.595533498759305	0.00578990901571547
8	0.0	0.992424242424242	0.00701459034792368	0.000561167227833895
9	0.0170500676589986	0.95723951285521	0.0224627875507443	0.00324763193504736
10	0.0	0.905993852459016	0.0361168032786885	0.0578893442622951
11	0.31128074639525	0.303929884082556	0.17726887192536	0.207520497596833
