Pos	A	C	G	T
1	0.0	0.208035175446159	0.487714458142943	0.304250366410897
2	0.766280107047279	0.0978022869191469	0.135917606033574	0.0
3	0.00303030303030303	0.996969696969697	0.0	0.0
4	0.0121596163726666	0.982959410858024	0.0	0.00488097276930981
5	0.176480745985149	0.800984285960974	0.0	0.0225349680538767
6	0.0	1.0	0.0	0.0
7	0.0367035417202641	0.963210702341137	0.0	8.5755938598748e-05
8	0.0	0.418478260869565	0.0	0.581521739130435
9	0.285393632055865	0.0	0.714606367944135	0.0
10	0.0	0.955087306917394	0.0	0.0449126930826058
11	0.017274472168906	0.1465409329884	0.0828673954769256	0.753317199365768
12	0.0	0.0	1.0	0.0
13	0.0745255093156887	0.0	0.0	0.925474490684311
14	0.0	0.0	0.844594594594595	0.155405405405405
15	0.288848579079209	0.563617517491578	0.0175347672108491	0.129999136218364
