Pos	A	C	G	T
1	0.243864331749235	0.31785040036456	0.278367293795977	0.159917974090229
2	0.11522441965456	0.337459586986281	0.0582238662511287	0.48909212710803
3	0.210996652910019	0.00230721736587268	0.786566145647158	0.000129984076950574
4	0.0	0.997693232398713	0.000389876214301959	0.00191689138698463
5	0.9995444784278	0.0	0.000390447061885859	6.50745103143099e-05
6	0.000813166796773354	0.998796513140775	0.0	0.00039032006245121
7	0.998179394648721	0.00149549725283657	0.000325108098442732	0.0
8	0.00556041484443334	0.935461701861802	0.00481069598900412	0.0541671873047607
9	0.408024632574675	0.557692918134781	0.0178395708345237	0.0164428784560201
10	0.00871530019367334	0.98828276307295	0.000516462233699161	0.00248547449967721
11	0.0256297506124757	0.00747534392863873	0.00973679251209247	0.957158112946793
12	0.0136137533816214	0.0671088227594031	0.836285888821014	0.0829915350379614
13	0.508003391485316	0.202641247655507	0.118033966239305	0.171321394619871
14	0.502565789473684	0.479627192982456	0.00638157894736842	0.0114254385964912
15	0.883022893720085	0.00631451473386771	0.107231416873306	0.0034311746727409
16	0.521512596014395	0.193908793038621	0.163237900843315	0.121340710103669
17	0.287709133519953	0.263850009764989	0.119295618774819	0.329145237940238
