Pos	A	C	G	T
1	0.299168975069252	0.317174515235457	0.20117728531856	0.182479224376731
2	0.0553054662379421	0.484244372990354	0.0160771704180064	0.444372990353698
3	0.0255220417633411	0.00165727543917799	0.957242293669208	0.0155783891282731
4	0.0	0.0	0.0	1.0
5	0.0632483880871968	0.886705557261283	0.0156585815167332	0.0343874731347866
6	0.0446780551905388	0.704007884362681	0.00624178712220762	0.245072273324573
7	0.0802139037433155	0.0	0.908461780434099	0.0113243158225857
8	0.0	0.0	0.00926243567753002	0.99073756432247
9	0.0697674418604651	0.763213530655391	0.0473044397463002	0.119714587737844
10	0.0734209682590574	0.240782302019878	0.000641231163834562	0.68515549855723
11	0.0695373872563282	0.0593540878673262	0.840267675298225	0.0308408495781205
12	0.0230834995725278	0.123396979196352	0.030493017953833	0.823026503277287
13	0.0965577596266044	0.842473745624271	0.029171528588098	0.0317969661610268
14	0.0804066543438078	0.715033887861984	0.029882932840419	0.174676524953789
15	0.233725761772853	0.21606648199446	0.263157894736842	0.287049861495845
