Pos	A	C	G	T
1	0.195785516422636	0.0755342303126237	0.69286703601108	0.0358132172536605
2	0.325618675483418	0.592976655645727	0.0218414988478108	0.0595631700230438
3	0.00378395189715944	0.970713249015136	0.0255027990877047	0.0
4	0.953525134366108	0.0	0.0464748656338919	0.0
5	0.0	1.0	0.0	0.0
6	0.435465054618729	0.0	0.562625941245095	0.00190900413617563
7	0.0	1.0	0.0	0.0
8	0.000369646723345831	0.999630353276654	0.0	0.0
9	0.000476848981927424	0.846788422106719	0.0	0.152734728911354
10	0.303548918840299	0.547803742848832	0.02123533404441	0.12741200426646
11	0.0263266998341625	0.684546019900497	0.0141998341625207	0.274927446102819
12	0.0891941875825627	0.108533685601057	0.736961690885073	0.0653104359313078
13	0.353962818003914	0.516242661448141	0.00851272015655577	0.121281800391389
14	0.0	1.0	0.0	0.0
15	1.0	0.0	0.0	0.0
16	0.0	1.0	0.0	0.0
17	0.322868525896414	0.00164674634794157	0.675059760956175	0.000424966799468791
18	0.0	1.0	0.0	0.0
19	0.00110759493670886	0.997521097046413	0.00137130801687764	0.0
20	0.00274160383824537	0.761617546264565	0.00187342928946767	0.233767420607722
21	0.302986058779201	0.517850414468726	0.0121043707611153	0.167059155990957
22	0.0567194218278291	0.75912542310859	0.0237855639923154	0.160369591071265
