Pos	A	C	G	T
1	0.334036752072907	0.202043026817061	0.300478075745126	0.163442145364906
2	0.0190745986779981	0.0901479383065785	0.674693106704438	0.216084356310985
3	0.753487927629483	0.0701885710645346	0.175941262661655	0.000382238644326941
4	0.0290551611141453	0.969779719643182	5.46149645002731e-05	0.00111050427817222
5	0.00829122943386449	0.987470619806415	0.000185072085577332	0.00405307867414358
6	0.083207370618297	0.892697761462607	0.00190743539912186	0.0221874325199741
7	0.000130699428656783	0.999775943836588	3.73426939019381e-05	5.60140408529071e-05
8	0.0108414690841469	0.988953974895397	0.000111576011157601	9.29800092980009e-05
9	0.000485337216031062	0.391032461593026	0.0	0.608482201190943
10	0.151429879134105	0.00050855215202319	0.847078367886627	0.000983200827244834
11	0.0	0.957936507936508	0.00315656565656566	0.0389069264069264
12	0.0126359382387948	0.0532176805308725	0.147881238484992	0.786265142745341
13	0.000429424943988051	5.60119492158327e-05	0.999402539208364	0.000112023898431665
14	0.14140556081942	0.015699023099291	0.0436501453915771	0.799245270689712
15	0.0	0.0080066751881835	0.917980400511291	0.0740129243005255
16	0.42406493180487	0.417889716341729	0.0155300811647561	0.142515270688645
