Pos	A	C	G	T
1	0.194436813186813	0.103708791208791	0.478674450549451	0.223179945054945
2	0.0357521266612176	0.837193109920383	0.119970938152756	0.00708382526564345
3	0.385196084703474	0.0816326530612245	0.0219435736677116	0.51122768856759
4	0.258365904588531	0.266236547625422	0.0257000588959683	0.449697488890079
5	0.0315416390432964	0.640955683614667	0.0481156611759906	0.279387016166046
6	0.211177211851244	0.0145063446941945	0.768045013627172	0.00627142982738915
7	0.0319924406047516	0.407599892008639	0.00398218142548596	0.556425485961123
8	0.258633565965337	0.00298730395817774	0.549200381138781	0.189178748937704
9	0.000407387289516567	0.0	0.97905350353069	0.0205391091797936
10	0.0	0.0	0.999416309012875	0.000583690987124464
11	0.00399822301199467	0.0	0.992721183747394	0.00328059324061101
12	0.000616882004181089	0.0	0.997977997875184	0.0014051201206347
13	0.0	0.00089065497396547	0.996848451630584	0.00226089339545081
14	0.0	0.16419950656798	0.0421751016870041	0.793625391745016
