Pos	A	C	G	T
1	0.207171314741036	0.302788844621514	0.0756972111553785	0.414342629482072
2	0.00641025641025641	0.80448717948718	0.0801282051282051	0.108974358974359
3	0.0228013029315961	0.0651465798045603	0.817589576547231	0.0944625407166124
4	0.0469314079422383	0.0433212996389892	0.0036101083032491	0.906137184115523
5	0.0	0.922794117647059	0.0147058823529412	0.0625
6	0.015625	0.0	0.98046875	0.00390625
7	0.0	0.940074906367041	0.048689138576779	0.0112359550561798
8	0.0597014925373134	0.00373134328358209	0.936567164179104	0.0
9	0.92962962962963	0.0111111111111111	0.0407407407407407	0.0185185185185185
10	0.18125	0.784375	0.034375	0.0
11	0.129518072289157	0.0843373493975904	0.756024096385542	0.0301204819277108
12	0.48	0.072	0.264	0.184
