Pos	A	C	G	T
1	0.329476965708348	0.249601662625563	0.176261401685718	0.244659969980372
2	0.298549394050679	0.163275798751377	0.413863385971355	0.124311421226588
3	0.207901367544383	0.407224327287415	0.0339289492412148	0.350945355926987
4	0.127358994635491	0.0	0.87261963281968	2.13725448289128e-05
5	0.999976906378458	0.0	2.30936215417302e-05	0.0
6	0.000184633848000185	0.0	0.999353781531999	0.000461584620000462
7	0.722903620261607	0.0	0.27339089191092	0.00370548782747249
8	0.989944569151129	0.00533693710202025	0.000137431856704384	0.00458106189014614
9	0.00546023436062087	0.842225812388801	0.0867297899752551	0.0655841632753226
10	0.0457895082110603	0.0419409153528241	0.000830946185300999	0.911438630250815
11	0.0	0.999838381972664	0.000161618027336535	0.0
12	0.87032990346876	0.122690145327252	0.000509175771719529	0.00647077543226901
13	0.0888465535157603	0.31672151021822	0.00145046761343956	0.592981468652581
14	0.695632597928861	0.0429048476662164	0.241295212366802	0.020167342038121
15	0.0806141265132687	0.488996231860819	0.126793874769502	0.30359576685641
16	0.278611675595788	0.207948457417329	0.189659153888786	0.323780713098097
