Pos	A	C	G	T
1	0.363380281690141	0.352112676056338	0.126760563380282	0.157746478873239
2	0.0	0.00542005420054201	0.962059620596206	0.032520325203252
3	0.105150214592275	0.761802575107296	0.126609442060086	0.00643776824034335
4	0.0	0.0193370165745856	0.0	0.980662983425414
5	0.0	0.00280112044817927	0.00280112044817927	0.994397759103641
6	0.0	0.00560224089635854	0.0	0.994397759103641
7	0.0	0.00833333333333333	0.00555555555555556	0.986111111111111
8	0.0	0.997191011235955	0.00280898876404494	0.0
9	0.00835654596100279	0.988857938718663	0.0	0.00278551532033426
10	0.0	0.994397759103641	0.00560224089635854	0.0
11	1.0	0.0	0.0	0.0
12	0.0	1.0	0.0	0.0
13	0.717171717171717	0.0848484848484849	0.135353535353535	0.0626262626262626
14	0.2	0.538028169014084	0.0647887323943662	0.197183098591549
