Pos	A	C	G	T
1	0.043539767368752	0.241590694750079	0.366079849104055	0.348789688777114
2	0.538777499303815	0.147382344750766	0.313840155945419	0.0
3	0.0874214290874937	0.86886785636876	0.0	0.0437107145437468
4	0.139961256399613	0.7860799778608	0.032309395323094	0.0416493704164937
5	0.339278392783928	0.474853081864152	0.012436791034577	0.173431734317343
6	0.00376234519517166	0.995375450697601	0.000862204107226838	0.0
7	0.243180306054558	0.746773120425815	0.00518962075848303	0.00485695276114438
8	0.0184710904152115	0.474893286767559	0.0	0.506635622817229
9	0.360505587103865	0.0	0.639494412896135	0.0
10	0.00505521854098616	0.72336288691865	0.0229429149167833	0.248638979623581
11	0.0899088337000943	0.193806978937441	0.206617415906947	0.509666771455517
12	0.0377096051309791	0.0	0.962290394869021	0.0
13	0.180366972477064	0.0833639143730887	0.0259327217125382	0.710336391437309
14	0.000924898261191269	0.098409174990751	0.695215192995437	0.205450733752621
15	0.303261296660118	0.425383104125737	0.0605108055009823	0.210844793713163
