Pos	A	C	G	T
1	0.334385736837218	0.241712322406909	0.267620020429009	0.156281920326864
2	0.0575894693541752	0.483422459893048	0.121431509666804	0.337556561085973
3	0.0146897810218978	0.00246350364963504	0.981934306569343	0.000912408759124088
4	0.116841323541546	0.0717055862694942	0.0123772588497401	0.799075831339219
5	0.870311185870479	0.0753574432296047	0.00470984020185029	0.0496215306980656
6	0.983164058925794	0.00503248238631165	0.00420898526855156	0.00759447341934303
7	0.0150347537020248	0.69620731338773	0.0352070111816259	0.253550921728619
8	0.215247469588634	0.481010307363729	0.160089144767388	0.143653078280249
9	0.0151760057471264	0.513200431034483	0.0352909482758621	0.436332614942529
10	0.101978058510638	0.00573470744680851	0.833776595744681	0.0585106382978723
11	0.981700655498908	0.00391478514202476	0.00482520029133285	0.00955935906773489
12	0.0198687244988469	0.444917509313465	0.0361007628171013	0.499113003370587
13	0.825286787158538	0.135924733845011	0.0300404390525708	0.0087480399438805
14	0.0229823623730625	0.741925631824082	0.0754371230052684	0.159654882797587
15	0.0660228433466431	0.635063608505897	0.175968056458353	0.122945491689108
