Pos	A	C	G	T
1	0.267918088737201	0.107318923018582	0.516875237011756	0.107887751232461
2	0.151634434365908	0.708540133493069	0.0557932568885846	0.0840321752524388
3	0.0550980392156863	0.811764705882353	0.0943137254901961	0.0388235294117647
4	0.655063291139241	0.31376582278481	0.0219936708860759	0.00917721518987342
5	0.00240963855421687	0.997590361445783	0.0	0.0
6	0.136948347516327	0.0154363744310311	0.819315258262418	0.0283000197902236
7	0.00359367513176809	0.991854336367992	0.00167704839482511	0.00287494010541447
8	0.00120627261761158	0.998793727382388	0.0	0.0
9	0.00406939387449133	0.886699507389163	0.00321267937459842	0.106018419361748
10	0.260445387062566	0.617603393425239	0.0048780487804878	0.117073170731707
11	0.0530621269069202	0.711916869334512	0.0316161839487066	0.203404819809861
12	0.134057971014493	0.508454106280193	0.105555555555556	0.251932367149758
