Pos	A	C	G	T
1	0.417216510664416	0.180144238146386	0.203851465398189	0.198787785791008
2	0.468622510199184	0.0158987281017519	0.313354931605472	0.202123830093592
3	0.361286460600784	0.0433717892903788	0.247333478450152	0.348008271658685
4	0.888237699332152	0.0353686792967153	0.000954068420335287	0.0754395529507973
5	0.000230114290097415	0.999769885709903	0.0	0.0
6	0.0188268826882688	0.977647764776478	0.0	0.00352535253525353
7	0.000230114290097415	0.0	0.999769885709903	0.0
8	0.0	7.6704763365805e-05	0.00015340952673161	0.999769885709903
9	0.0	0.0	0.0	1.0
10	1.0	0.0	0.0	0.0
11	0.0362134088762984	0.235882908404155	0.112511803588291	0.615391879131256
12	0.234386987877858	0.228325916832899	0.247659966242136	0.289627129047108
13	0.0960112246943275	0.379301129150798	0.0331395737288702	0.491548072426004
14	0.190348319779039	0.269832745128126	0.332361516034985	0.207457419057849
