Pos	A	C	G	T
1	0.253582918982159	0.138052062006435	0.398947060544019	0.209417958467388
2	0.00878132362390233	0.223816663097023	0.0351252944956093	0.732276718783465
3	0.000292397660818713	0.0	0.999707602339181	0.0
4	0.000874380647041679	0.00174876129408336	0.000874380647041679	0.996502477411833
5	0.0	0.0	0.999415375621163	0.000584624378836597
6	0.0	0.000289268151576511	0.989007810240093	0.0107029216083309
7	0.0	0.0	0.999415375621163	0.000584624378836597
8	1.0	0.0	0.0	0.0
9	0.980217889908257	0.00688073394495413	0.0106077981651376	0.00229357798165138
10	0.999415375621163	0.0	0.000584624378836597	0.0
11	0.997374562427071	0.0	0.00233372228704784	0.00029171528588098
12	0.0	0.0842343474981142	0.859693236107619	0.056072416394267
13	0.0169296987087518	0.981061692969871	0.00200860832137733	0.0
14	0.195963732085405	0.15326118748172	0.172272594325826	0.478502486107049
