Pos	A	C	G	T
1	0.212102308172177	0.127365356622999	0.287897691827823	0.372634643377001
2	0.144789002557545	0.016272378516624	0.224040920716113	0.614897698209719
3	1.0	0.0	0.0	0.0
4	0.0	0.00454357703428335	0.00237505163155721	0.993081371334159
5	0.0	0.723028343733554	0.0	0.276971656266446
6	0.0	0.00087719298245614	0.992466460268318	0.00665634674922601
7	0.991852310231023	0.00479579207920792	0.0	0.00335189768976898
8	0.0	0.0	0.0	1.0
9	0.0	0.462542263950597	0.0	0.537457736049403
10	0.308806382325867	0.0368211107701749	0.359281988339982	0.295090518563977
11	0.222511047569535	0.132570834416428	0.22355081881986	0.421367299194177
