Pos	A	C	G	T
1	0.21296155599453	0.120650357088588	0.480550068378666	0.185838018538216
2	0.129607186141014	0.0634490625222785	0.493904612532972	0.313039138803736
3	0.0253666566896139	0.951736007183478	0.00568692008380724	0.0172104160431009
4	0.0415356982487652	0.618619967070798	0.328693309384823	0.0111510252956144
5	0.00877127220931104	0.0	0.962291026313817	0.0289377014768723
6	0.00182149362477231	0.998178506375228	0.0	0.0
7	0.000607348921955664	0.999392651078044	0.0	0.0
8	0.997951130672333	0.00113826073759296	0.000910608590074366	0.0
9	0.000759128520458514	0.0	0.000303651408183405	0.998937220071358
10	0.0138974464297939	0.135688368590402	0.0212227014445129	0.829191483535291
11	0.00708845486765704	0.00105572732071488	0.000377045471683885	0.991478772339944
12	7.59243793181991e-05	0.000683319413863792	0.000227773137954597	0.999012983068863
13	0.148524171317152	0.010018153701338	0.741545081691656	0.0999125932898541
14	0.437286332902834	0.0682975005697789	0.251614373623034	0.242801792904353
