Pos	A	C	G	T
1	0.0	0.157894736842105	0.0	0.842105263157895
2	0.142857142857143	0.857142857142857	0.0	0.0
3	0.947368421052632	0.0526315789473684	0.0	0.0
4	0.0476190476190476	0.857142857142857	0.0476190476190476	0.0476190476190476
5	0.0526315789473684	0.0	0.947368421052632	0.0
6	0.0	0.0	0.0	1.0
7	0.0	0.0	1.0	0.0
8	0.0	0.947368421052632	0.0526315789473684	0.0
9	0.947368421052632	0.0	0.0526315789473684	0.0
10	0.0	1.0	0.0	0.0
11	0.0	0.0	0.947368421052632	0.0526315789473684
12	0.0	0.944444444444444	0.0	0.0555555555555556
13	0.0	0.0526315789473684	0.947368421052632	0.0
14	0.0	0.947368421052632	0.0526315789473684	0.0
15	0.947368421052632	0.0526315789473684	0.0	0.0
16	0.0	0.888888888888889	0.0555555555555556	0.0555555555555556
