Pos	A	C	G	T
1	0.307017543859649	0.171801454856654	0.365853658536585	0.155327342747112
2	0.366884750880725	0.0964603254487502	0.170441201140748	0.366213722529777
3	0.498975218930501	0.0983789826718837	0.0961430967020682	0.306502701695547
4	0.528544061302682	0.0226053639846743	0.110919540229885	0.337931034482759
5	0.162635771180304	0.0392469225199131	0.172628530050688	0.625488776249095
6	0.0374611483723213	0.180271552429249	0.725339440536561	0.0569278586618681
7	0.000213903743315508	0.00556149732620321	0.993582887700535	0.000641711229946524
8	0.000852151682999574	0.995526203664252	0.0	0.00362164465274819
9	0.0	0.0	0.9957346982299	0.00426530177010023
10	0.000213310580204778	0.992534129692833	0.0068259385665529	0.000426621160409556
11	0.00528	0.7304	0.2192	0.04512
12	0.664042392127176	0.140348221044663	0.0246782740348221	0.170931112793338
13	0.613337557421194	0.138761286234754	0.0497386345635989	0.198162521780453
14	0.553343465045593	0.164437689969605	0.0802431610942249	0.201975683890578
15	0.456761565836299	0.144306049822064	0.0562277580071174	0.34270462633452
16	0.143560119811724	0.417415489944373	0.145699614890886	0.293324775353017
