Pos	A	C	G	T
1	0.00657829163759593	0.00308980364796173	0.968005581580783	0.0223263231336589
2	0.0203349282296651	0.893632683106367	0.0391976444608024	0.0468347442031653
3	0.0210970464135021	0.00291340164757886	0.975688165561583	0.000301386377335744
4	0.00595179049697451	0.963396488443607	0.0152762622755679	0.0153754587838508
5	0.00375101378751014	0.00932684509326845	0.984590429845904	0.00233171127331711
6	0.000918179963272801	0.990818200367272	0.0012242399510304	0.00703937971842481
7	0.0246262093227792	0.0117267663441806	0.949086289455683	0.0145607348773576
8	0.00665272761832351	0.923018437559399	0.0538870937084205	0.0164417411138567
9	0.109301878325534	0.184499006346561	0.622604013077761	0.0835951022501442
10	0.0657546337157988	0.322594880847308	0.0770520741394528	0.53459841129744
11	0.429745826692392	0.102088750943713	0.0832983810083047	0.384867041355591
