Pos	A	C	G	T
1	0.0109439124487004	0.174418604651163	0.12311901504788	0.691518467852257
2	0.0	0.000985221674876847	0.996059113300493	0.00295566502463054
3	0.00490196078431373	0.00392156862745098	0.0	0.991176470588235
4	0.980601357904947	0.0	0.00872938894277401	0.0106692531522793
5	0.0258620689655172	0.00574712643678161	0.0	0.968390804597701
6	0.00293542074363992	0.989236790606654	0.00391389432485323	0.00391389432485323
7	0.0950704225352113	0.0	0.889964788732394	0.0149647887323944
8	0.00783545543584721	0.0019588638589618	0.0	0.990205680705191
9	0.0171428571428571	0.00666666666666667	0.0133333333333333	0.962857142857143
10	0.0395314787701318	0.740117130307467	0.0732064421669107	0.14714494875549
