Pos	A	C	G	T
1	0.256410256410256	0.239160839160839	0.0721056721056721	0.432323232323232
2	0.0310904175428056	0.00240312406127966	0.35416040853109	0.612346049864824
3	0.0	0.997983870967742	0.0	0.00201612903225806
4	0.989086996618506	0.00999077774362127	0.0	0.000922225637872733
5	0.00155038759689922	0.997674418604651	0.0	0.000775193798449612
6	0.24325042046561	0.144640169956626	0.042489156413207	0.569620253164557
7	0.986660533578657	0.00199325360318921	0.00383318000613309	0.00751303281202085
8	0.00435120435120435	0.414296814296814	0.0851592851592852	0.496192696192696
9	0.352447552447552	0.12975912975913	0.131779331779332	0.386013986013986
10	0.505127408328154	0.0801740211311373	0.407395898073337	0.00730267246737104
11	0.00370141887723627	0.0013880320789636	0.00246761258482418	0.992442936458976
12	0.563435776201734	0.0450048156903949	0.140005253480431	0.251554154627441
13	0.00309597523219814	0.0	0.996130030959752	0.000773993808049536
14	0.000461680517082179	0.00261618959679902	0.00661742074484457	0.990304709141274
15	0.0	0.000465332712889716	0.998138669148441	0.00139599813866915
16	0.613327356940087	0.348124906618856	0.0032870162856716	0.0352607201553862
17	0.445135219148275	0.0769350326391048	0.237022070251787	0.240907677960833
