Pos	A	C	G	T
1	0.223722090717165	0.239907875375856	0.324739300108758	0.211630733798221
2	0.17252711140322	0.28265691751561	0.185384488991127	0.359431482090043
3	0.996811631169494	0.0	0.00318836883050631	0.0
4	0.0	0.0	0.000383680777593043	0.999616319222407
5	0.0	0.821439831844456	0.0	0.178560168155544
6	0.0	0.0	1.0	0.0
7	1.0	0.0	0.0	0.0
8	0.0	0.143217319813648	0.0	0.856782680186352
9	0.0234302361619042	0.55594123845534	0.00768610921713259	0.412942416165623
10	0.230808597748209	0.254094165813715	0.296699078812692	0.218398157625384
