Pos	A	C	G	T
1	0.349419670128283	0.231521075137447	0.240073304825901	0.178985949908369
2	0.188464298528884	0.456225331898098	0.224076067456046	0.131234302116972
3	0.0608339680121858	0.623476770753998	0.315689261233816	0.0
4	0.144033459678473	0.0	0.855966540321527	0.0
5	1.0	0.0	0.0	0.0
6	0.0	0.0	0.0	1.0
7	0.0	1.0	0.0	0.0
8	0.045196092724887	0.0	0.954803907275113	0.0
9	1.0	0.0	0.0	0.0
10	0.0	0.0	0.0	1.0
11	0.941895584639724	0.0110743563929239	0.0232992952682295	0.0237307636991227
12	0.311803328752481	0.389219728202779	0.0989464040311498	0.20003053901359
