Pos	A	C	G	T
1	0.310417152178979	0.207061291074342	0.283616872523887	0.198904684222792
2	0.0806451612903226	0.315399911621741	0.0416482545293858	0.562306672558551
3	0.0486118498032124	0.828954366556749	0.00978619295819594	0.112647590681842
4	0.988365395691741	0.00437737587835503	0.00668125791959452	0.000575970510309872
5	0.000797629899726527	0.0	0.0292844120328168	0.969917958067457
6	0.0440379403794038	0.00711382113821138	0.948622402890696	0.00022583559168925
7	0.000791318109880172	0.0525661315848971	0.000113045444268596	0.946529504860954
8	0.00128130460104834	0.00011648223645894	0.998485730926034	0.00011648223645894
9	0.025825619929151	0.974060107416295	0.0	0.000114272654553765
10	0.0	0.0005824111822947	0.0	0.999417588817705
11	0.977254543376386	0.0218310664075894	0.000114298777003086	0.000800091439021602
12	0.995455075166065	0.0	0.00442838829973197	0.000116536534203473
13	0.000230494410510545	0.0512850063385963	0.0	0.948484499250893
14	0.00660839906203368	0.0925175868684715	0.00149221914303986	0.899381794926455
15	0.914310105645075	0.00864368797353537	0.0770462063813894	0.0
16	0.0	0.99930094372597	0.0	0.000699056274030059
17	0.536738519212746	0.0263355201499531	0.41593252108716	0.0209934395501406
18	0.523795591964112	0.21630583187049	0.0999609908328457	0.159937585332553
19	0.487821932175737	0.146719496562172	0.18657499125976	0.178883580002331
