Pos	A	C	G	T
1	0.180796316359697	0.413867822318527	0.194745395449621	0.210590465872156
2	0.0839685704233611	0.0582854462296235	0.0328368711152809	0.824909112231734
3	0.247595540045961	0.095412375521321	0.119499531875053	0.537492552557664
4	0.0614454306056764	0.236126011898956	0.0459377743099581	0.656490783185409
5	0.0731729625903229	0.187414250434464	0.129516143784872	0.609896643190341
6	0.929119754350051	0.0230296827021494	0.0386386898669396	0.00921187308085977
7	0.000127959053103007	0.0588611644273832	0.00985284708893154	0.931158029430582
8	0.90321375186846	0.0404833084205281	0.0159441953163926	0.0403587443946188
9	0.0384852596521525	0.892068582706303	0.0312075983717775	0.0382385592697669
10	0.00490651107280202	0.975732661450736	0.00716085399814348	0.0121999734783185
11	0.0147747372801998	0.712829050046821	0.0551451461866611	0.217251066486318
12	0.687226016923234	0.023447854011622	0.0350698338260781	0.254256295239066
13	0.18089594214544	0.0634793089594215	0.681498593812776	0.0741261550823624
14	0.0967630457320585	0.804745997004953	0.0239603732288907	0.0745305840340975
15	0.218203982121089	0.280644724366789	0.0792360828931329	0.42191521061899
