Pos	A	C	G	T
1	0.107932482764086	0.551430382756161	0.201164910056264	0.139472224423488
2	0.0151964515367051	0.309073252670534	0.0133329833862628	0.662397312406498
3	0.316602699021914	0.0100779992571499	0.624935000619042	0.0483843011018943
4	0.961777371289204	0.00198163179756869	0.0318204336724972	0.00442056324073016
5	0.00192413413963716	0.00541899002591691	0.00160998979030865	0.991046886044137
6	0.00402048169922245	0.957253935141286	0.00178266641380618	0.0369429167456856
7	0.0277522232444036	0.000766636001226618	0.967417969947869	0.00406317080650107
8	0.974665945778945	0.00208542519502587	0.0189619216806982	0.00428670734533097
9	0.0129150600831056	0.0362744731029836	0.00602702803878262	0.944783438775128
10	0.037473923762564	0.457348757822871	0.0052721410961502	0.499905177318415
11	0.474605821710127	0.0141373559733172	0.481958762886598	0.0292980594299576
12	0.12084951263967	0.142404310959664	0.521039702036611	0.215706474364054
