Pos	A	C	G	T
1	0.310705973622964	0.130721489526765	0.214507370054306	0.344065166795966
2	0.0216903515332835	0.06282722513089	0.913612565445026	0.0018698578908003
3	0.827287319422151	0.000321027287319422	0.171428571428571	0.000963081861958266
4	0.000641642605068977	0.000320821302534488	0.827077317933911	0.171960218158486
5	0.0	0.0	0.999612252811167	0.000387747188832881
6	0.000774893452150329	0.998450213095699	0.0	0.000774893452150329
7	0.0	0.0	0.0	1.0
8	0.0	0.98536773199846	0.0	0.0146322680015402
9	0.111476608187135	0.000730994152046784	0.0296052631578947	0.858187134502924
10	0.000387747188832881	0.000387747188832881	0.999224505622334	0.0
11	0.0377358490566038	0.0060377358490566	0.0	0.95622641509434
12	0.0160886664283161	0.148015731140508	0.000715051841258491	0.835180550589918
13	0.988412514484357	0.00656624179219776	0.000386249517188104	0.00463499420625724
14	0.998837209302326	0.0	0.00116279069767442	0.0
15	0.0	1.0	0.0	0.0
16	0.875186289120715	0.011177347242921	0.0964977645305514	0.0171385991058122
17	0.259992239037641	0.384167636786962	0.114862242918122	0.240977881257276
18	0.124260355029586	0.143056038983641	0.0873651235642186	0.645318482422555
19	0.178044996121024	0.198215671062839	0.193948797517455	0.429790535298681
