Pos	A	C	G	T
1	0.0243504937206404	0.101236698303135	0.0321158086473013	0.842296999328923
2	0.0809499747347145	0.447700859019707	0.00495199595755432	0.466397170288024
3	0.00955781955676925	0.0	0.989917025522529	0.000525154920701607
4	0.0786539631056152	0.919622947496452	0.00121629839854044	0.000506790999391851
5	0.988771119739742	0.00188897051107147	0.00818553888130969	0.00115437086787701
6	0.997362034399071	0.000211037248074285	0.00242692835285428	0.0
7	0.000211237853823405	0.999471905365442	0.000105618926911703	0.000211237853823405
8	0.427559970411075	0.315861777449012	0.213568635739195	0.0430096164007186
9	0.0828402366863905	0.494399830938292	0.0912933220625528	0.331466610312764
10	0.282468561766882	0.253513684877946	0.332558385290077	0.131459368065096
11	0.315439078516327	0.227200676318292	0.206594103349889	0.250766141815492
12	0.496196111580727	0.0676246830092984	0.369505494505495	0.0666737109044801
13	0.0064032016008004	0.910755377688844	0.0385192596298149	0.0443221610805403
14	0.825527043785176	0.070113517122961	0.0287131546313078	0.0756462844605552
15	0.974220933844083	0.00331297235738689	0.0196707733719847	0.00279532042654519
16	0.00010558547143913	0.999155316228487	0.00031675641431739	0.00042234188575652
17	0.0992643546383873	0.0352536543422184	0.0139486003630458	0.851533390656348
18	0.00115159128978224	0.00418760469011725	0.990159128978224	0.00450167504187605
19	0.0530353253148972	0.119424187896581	0.316791362818449	0.510749123970073
20	0.636318242343542	0.128245672436751	0.133405459387483	0.102030625832224
21	0.029005255985984	0.884368308351178	0.00496398676270197	0.0816624489001363
22	0.110735418427726	0.512256973795435	0.13852493660186	0.238482671174979
