Pos	A	C	G	T
1	0.199463327370304	0.295169946332737	0.278175313059034	0.227191413237925
2	0.0767932489451477	0.272573839662447	0.0852320675105485	0.565400843881857
3	0.0414902624894158	0.832345469940728	0.0457239627434378	0.0804403048264183
4	0.90453074433657	0.0315533980582524	0.040453074433657	0.023462783171521
5	0.00567260940032415	0.0	0.10291734197731	0.891410048622366
6	0.0302760463045414	0.0240427426536064	0.945681211041852	0.0
7	0.0	0.000892857142857143	0.000892857142857143	0.998214285714286
8	0.0	0.0	0.999107142857143	0.000892857142857143
9	0.029126213592233	0.970873786407767	0.0	0.0
10	0.0	0.0	0.0	1.0
11	0.985890652557319	0.0123456790123457	0.0	0.0017636684303351
12	0.985688729874776	0.0	0.0143112701252236	0.0
13	0.0	0.0687224669603524	0.0	0.931277533039648
14	0.0122699386503067	0.00438212094653812	0.00262927256792287	0.980718667835232
15	0.957634598411297	0.0176522506619594	0.0247131509267432	0.0
16	0.00088809946714032	0.989342806394316	0.0	0.00976909413854352
17	0.758250825082508	0.0726072607260726	0.146864686468647	0.0222772277227723
18	0.558919803600655	0.201309328968903	0.144026186579378	0.0957446808510638
19	0.548704200178731	0.141197497765862	0.155495978552279	0.154602323503128
