Pos	A	C	G	T
1	0.406530998580218	0.115238996687175	0.132039753904401	0.346190250828206
2	0.334885887284583	0.0144387517466232	0.649278062412669	0.00139729855612483
3	0.000236294896030246	0.998582230623819	0.0	0.00118147448015123
4	0.970824718584884	0.000459453250631748	0.00183781300252699	0.0268780151619573
5	0.969043797294199	0.000458610410456317	0.0302682870901169	0.000229305205228159
6	0.0	0.0	0.0	1.0
7	0.0	0.0	0.000473036896877956	0.999526963103122
8	0.00212414444182204	0.997403823459995	0.000236016049091338	0.000236016049091338
9	0.00541394089781187	0.953304759756373	0.000451161741484322	0.0408301376043312
10	0.0135355892648775	0.000233372228704784	0.986231038506418	0.0
11	0.0105263157894737	0.988538011695906	0.000467836257309942	0.000467836257309942
12	0.00242290748898678	0.0504405286343612	0.0162995594713656	0.930837004405286
13	0.000467071461933676	0.986921999065857	0.000467071461933676	0.0121438580102756
14	0.426171320397539	0.271888310459063	0.167534311405584	0.134406057737814
