Pos	A	C	G	T
1	0.229679144385027	0.196078431372549	0.307397504456328	0.266844919786096
2	0.168270723377833	0.235058987891959	0.161246507295871	0.435423781434337
3	0.944523949827427	0.00420910851081741	0.0209613603838707	0.0303055812778853
4	0.070386403719737	0.020362353695687	0.00978034311367645	0.899470899470899
5	0.0136755121042831	0.652932960893855	0.0173999068901304	0.315991620111732
6	0.0145559138847729	0.00505534733722653	0.977948226270374	0.0024405125076266
7	0.992481203007519	0.000973020787262273	0.00557275541795666	0.000973020787262273
8	0.0402447947848068	0.188319031464112	0.0250781613783011	0.74635801237278
9	0.0164727859386941	0.4954572471767	0.0308227901842575	0.457247176700348
10	0.224846270385884	0.214241154977275	0.321807325550307	0.239105249086534
