Pos	A	C	G	T
1	0.192732115677321	0.16400304414003	0.0555555555555556	0.587709284627093
2	0.043467208947636	0.89069649211998	0.0312658871377733	0.0345704117946111
3	0.575378756519579	0.000910671413196457	0.294891961255071	0.128818610812153
4	9.50751093363757e-05	0.999429549343982	9.50751093363757e-05	0.000380300437345503
5	0.0373592161889937	9.15667063455728e-05	0.962549217104661	0.0
6	0.000752799473040369	0.000658699538910323	0.00940999341300461	0.989178507575045
7	0.000190186382655002	9.5093191327501e-05	0.99961962723469	9.5093191327501e-05
8	0.0122077190346511	0.987134942248098	0.000375622124143112	0.000281716593107334
9	0.993478877232776	0.00217370758907476	0.00415839712692562	0.000189018051223892
10	9.5093191327501e-05	0.99961962723469	9.5093191327501e-05	0.000190186382655002
11	0.000190150218672751	9.50751093363757e-05	0.999429549343982	0.000285225328009127
12	0.00199335548172757	0.981110583768391	0.00018984337921215	0.0167062173706692
13	0.00151860288534548	0.000379650721336371	0.997722095671982	0.000379650721336371
14	0.0407062712011829	0.914325476211186	0.0270505349221536	0.017917717665478
15	0.853246753246753	0.0161525974025974	0.102029220779221	0.0285714285714286
16	0.0779183712301399	0.433640947578727	0.0216915612215774	0.466749119969556
