Pos	A	C	G	T
1	0.333981715619529	0.170005835440576	0.263761914024509	0.232250534915386
2	0.0811134789557805	0.131592967501332	0.102424080980288	0.6848694725626
3	0.814896988906498	0.0228209191759113	0.148494453248811	0.0137876386687797
4	0.101702715140359	0.0188679245283019	0.788771283939254	0.0906580763920847
5	0.0135444486837085	0.00553223960320488	0.980923311713087	0.0
6	0.00325982742090125	0.986001917545542	0.00210930009587728	0.00862895493767977
7	0.0874071782178218	0.795482673267327	0.0224319306930693	0.0946782178217822
8	0.0134451123062322	0.14742170199304	0.0257829800695982	0.813350205631129
9	0.692059219380888	0.105114401076716	0.126648721399731	0.0761776581426649
10	0.226954492415403	0.270322831583042	0.169583819525476	0.333138856476079
