Pos	A	C	G	T
1	0.267301285102332	0.231984769157544	0.295859114707282	0.204854831032841
2	0.600663274057979	0.0537480702155641	0.0976042083595403	0.247984447366916
3	0.400790101371497	0.382230172927847	0.162865235539654	0.0541144901610018
4	0.0573372206025267	0.850745059928733	0.0908649173955296	0.00105280207321024
5	0.192807957153787	0.803749043611324	0.00344299923488906	0.0
6	0.0	0.0	1.0	0.0
7	0.0	0.0	1.0	0.0
8	0.998858990206333	0.000855757345250547	0.0	0.000285252448416849
9	0.1327526655654	0.0756870400961105	0.00277819492416279	0.788782099414326
10	0.279818794541738	0.119164687033866	0.580354676537208	0.0206618418871886
11	0.0238869508661976	0.331638384674511	0.0233548158221486	0.621119848637143
12	0.32013326987149	0.17686815801999	0.282627320323655	0.220371251784864
