Pos	A	C	G	T
1	0.280832803560076	0.22223988133079	0.310500105954651	0.186427209154482
2	0.485943775100402	0.0725208526413346	0.352718566573988	0.0888168056842756
3	0.0925868963395878	0.725776684097201	0.161642571516456	0.0199938480467548
4	0.107823305264148	0.887989838641389	0.00343416286399774	0.000752693230465259
5	0.0	0.0	1.0	0.0
6	0.0	0.00125039074710847	0.983432322600813	0.0153172866520788
7	0.992168199737188	0.0045203679369251	0.0	0.00331143232588699
8	0.771046934357257	0.0284710591887586	0.00302275233854826	0.197459254115436
9	0.184292230441949	0.0765840009199279	0.723523324006286	0.0156004446318372
10	0.0436748976627492	0.232041463092566	0.101148818169814	0.623134821074871
11	0.242517349155056	0.191714785188324	0.375059596334163	0.190708269322456
