Pos	A	C	G	T
1	0.318928094390027	0.236921193232413	0.265917186108638	0.178233526268923
2	0.591324952280656	0.0653755018758639	0.236293029684723	0.107006516158757
3	0.130246962284993	0.708852769449266	0.136953605807164	0.0239466624585766
4	0.146763130696232	0.844122897679226	0.00911397162454195	0.0
5	0.0	0.0	1.0	0.0
6	0.0	0.0	1.0	0.0
7	1.0	0.0	0.0	0.0
8	0.704033853809533	0.0253511744999314	1.95913249613071e-05	0.270595380365574
9	0.49071392512687	0.0352578579589234	0.46409118686399	0.00993703005021654
10	0.0460217862890999	0.296540785146136	0.11574257656691	0.541694851997854
11	0.231751774036455	0.284986781689161	0.355502991512453	0.127758452761931
