Pos	A	C	G	T
1	0.312018946121966	0.228241563055062	0.259325044404973	0.200414446417999
2	0.597699115044248	0.0598230088495575	0.271327433628319	0.0711504424778761
3	0.118597816960537	0.708858102434929	0.169815281276238	0.00272879932829555
4	0.380606500817142	0.61321953876884	0.00617396041401852	0.0
5	0.0	0.0	1.0	0.0
6	0.0	0.000294117647058824	0.993235294117647	0.00647058823529412
7	0.982828870779977	0.00465657741559953	0.0	0.0125145518044237
8	0.71942905837239	0.0453770771197273	0.0	0.235193864507882
9	0.14115490375802	0.0790559120073327	0.773831347387718	0.00595783684692942
10	0.0455876968143537	0.234346393262541	0.101794214573416	0.618271695349689
11	0.299289520426288	0.186204854943754	0.358496151568976	0.156009473060983
