Pos	A	C	G	T
1	0.872693726937269	0.00461254612546125	0.00553505535055351	0.117158671586716
2	0.100436681222707	0.655749636098981	0.155021834061135	0.0887918486171761
3	0.109351432880845	0.677224736048265	0.21342383107089	0.0
4	0.200525394045534	0.791593695271454	0.00788091068301226	0.0
5	0.0	0.0	1.0	0.0
6	0.00100603621730382	0.0	0.998993963782696	0.0
7	0.998991935483871	0.00100806451612903	0.0	0.0
8	0.985119047619048	0.00396825396825397	0.000992063492063492	0.00992063492063492
9	0.218722659667542	0.0	0.781277340332458	0.0
10	0.0231621349446123	0.0634441087613293	0.0	0.913393756294058
11	0.540322580645161	0.0554435483870968	0.294354838709677	0.109879032258065
12	0.380040322580645	0.222782258064516	0.280241935483871	0.116935483870968
13	0.29364278506559	0.213925327951564	0.202825428859738	0.289606458123108
14	0.246975806451613	0.259072580645161	0.244959677419355	0.248991935483871
15	0.248991935483871	0.258064516129032	0.268145161290323	0.224798387096774
16	0.239152371342079	0.277497477295661	0.291624621594349	0.191725529767911
17	0.308467741935484	0.244959677419355	0.253024193548387	0.193548387096774
18	0.399193548387097	0.178427419354839	0.188508064516129	0.233870967741935
19	0.452240067624683	0.115807269653424	0.133558748943364	0.298393913778529
20	0.526802218114603	0.0545286506469501	0.0656192236598891	0.353049907578558
21	0.587954110898662	0.0286806883365201	0.0344168260038241	0.348948374760994
22	0.569644572526417	0.0422670509125841	0.037463976945245	0.350624399615754
23	0.397868561278863	0.131438721136767	0.0781527531083481	0.392539964476021
