Pos	A	C	G	T
1	0.0899001109877913	0.74361820199778	0.103218645948946	0.0632630410654828
2	0.0391791044776119	0.0699626865671642	0.0494402985074627	0.841417910447761
3	0.106045589692765	0.893954410307235	0.0	0.0
4	0.0	0.0	0.998892580287929	0.00110741971207087
5	0.0	0.00110253583241455	0.00441014332965821	0.994487320837927
6	0.989035087719298	0.0	0.0	0.0109649122807018
7	0.995584988962472	0.0	0.0	0.00441501103752759
8	0.939583333333333	0.00625	0.0458333333333333	0.00833333333333333
9	0.0	0.00440528634361234	0.00220264317180617	0.993392070484581
10	0.083969465648855	0.0429389312977099	0.860687022900763	0.0124045801526718
11	0.0576735092864125	0.881720430107527	0.0175953079178886	0.043010752688172
12	0.567627494456763	0.134146341463415	0.15410199556541	0.144124168514412
