Pos	A	C	G	T
1	0.182942430703625	0.360127931769723	0.277185501066098	0.179744136460554
2	0.400655347036044	0.297885016383676	0.153261840929401	0.148197795650879
3	0.00275949904478879	0.000849076629165782	0.99554234769688	0.000849076629165782
4	0.00211864406779661	0.00169491525423729	0.99364406779661	0.00254237288135593
5	0.98158225198828	0.00502302218501465	0.00125575554625366	0.0121389702804521
6	0.969609261939218	0.0121976431672524	0.000620219144097581	0.0175728757494315
7	0.188476364374112	0.039561777236762	0.763035098397241	0.00892675999188476
8	0.0255863539445629	0.240724946695096	0.0238805970149254	0.709808102345416
9	0.6727078891258	0.0270788912579957	0.270362473347548	0.0298507462686567
10	0.00958596777483174	0.766673465225372	0.033856822353661	0.189883744646135
11	0.0169526566053339	0.00124043828819516	0.0121976431672524	0.969609261939218
12	0.0121644295302013	0.000629194630872483	0.00356543624161074	0.983640939597315
13	0.000851426138782461	0.998297147722435	0.000851426138782461	0.0
14	0.00254722988749735	0.99554234769688	0.0	0.00191042241562301
15	0.146501566462778	0.153811726092794	0.297180366999851	0.402506340444577
16	0.197228144989339	0.270362473347548	0.352665245202559	0.179744136460554
