Pos	A	C	G	T
1	0.253591954022989	0.216235632183908	0.298132183908046	0.232040229885057
2	0.623376623376623	0.0	0.348858038513211	0.0277653381101657
3	0.00925266903914591	0.990747330960854	0.0	0.0
4	0.0	1.0	0.0	0.0
5	0.0	0.00639204545454545	0.988636363636364	0.00497159090909091
6	0.0	0.0	0.931103678929766	0.0688963210702341
7	1.0	0.0	0.0	0.0
8	0.855562384757222	0.00799016594960049	0.0	0.136447449293178
9	0.0	0.0	1.0	0.0
10	0.0	0.152317880794702	0.00963275135460566	0.838049367850692
11	0.24066091954023	0.145833333333333	0.421695402298851	0.191810344827586
