Pos	A	C	G	T
1	0.555629580279813	0.0572951365756163	0.254497001998668	0.132578281145903
2	0.0204251771571488	0.498124218424343	0.0408503543142976	0.44060025010421
3	0.0848015488867377	0.00600193610842207	0.0371732817037754	0.872023233301065
4	0.0813674530187925	0.00539784086365454	0.0127948820471811	0.900439824070372
5	0.0216042780748663	0.963422459893048	0.00727272727272727	0.00770053475935829
6	0.024846039498832	0.956466341049055	0.00679549798258654	0.0118921214695264
7	0.226909413854352	0.277753108348135	0.280861456483126	0.214476021314387
8	0.0142553191489362	0.00617021276595745	0.958297872340426	0.0212765957446809
9	0.0113368983957219	0.00962566844919786	0.963422459893048	0.0156149732620321
10	0.911740890688259	0.00951417004048583	0.00587044534412955	0.0728744939271255
11	0.868324657798342	0.0401002506265664	0.0067476383265857	0.0848274532485059
12	0.421228583368157	0.0365649811951525	0.519849561220226	0.0223568742164647
13	0.130801687763713	0.246502331778814	0.0568509882300688	0.565844992227404
