Pos	A	C	G	T
1	0.266609145815358	0.265746333045729	0.345125107851596	0.122519413287317
2	0.758011772400262	0.0255068672334859	0.1621975147155	0.0542838456507521
3	0.0448	0.9272	0.028	0.0
4	0.00855431993156544	0.991445680068435	0.0	0.0
5	0.0	0.0	1.0	0.0
6	0.0	0.0	1.0	0.0
7	1.0	0.0	0.0	0.0
8	0.271886559802713	0.0135635018495684	0.0	0.714549938347719
9	0.728930817610063	0.0	0.0138364779874214	0.257232704402516
10	0.0	0.0	0.0	1.0
11	0.0	0.999137931034483	0.0	0.000862068965517241
12	0.000861326442721792	0.998277347114556	0.0	0.000861326442721792
13	0.0	0.000853242320819113	0.988907849829352	0.0102389078498294
14	0.00238663484486874	0.030230708035004	0.922036595067621	0.045346062052506
15	0.0686586141131596	0.165289256198347	0.0292434837889383	0.736808645899555
16	0.131034482758621	0.31551724137931	0.276724137931035	0.276724137931035
