Pos	A	C	G	T
1	0.398203592814371	0.134730538922156	0.359281437125749	0.107784431137725
2	0.733480176211454	0.00220264317180617	0.23568281938326	0.0286343612334802
3	0.0417827298050139	0.927576601671309	0.0222841225626741	0.00835654596100279
4	0.0347826086956522	0.965217391304348	0.0	0.0
5	0.0	0.0	1.0	0.0
6	0.0	0.0	1.0	0.0
7	1.0	0.0	0.0	0.0
8	0.369202226345083	0.012987012987013	0.0	0.617810760667904
9	0.623595505617977	0.0	0.0205992509363296	0.355805243445693
10	0.0	0.0	0.0	1.0
11	0.0	1.0	0.0	0.0
12	0.0	1.0	0.0	0.0
13	0.0	0.0	0.959654178674352	0.0403458213256484
14	0.00806451612903226	0.043010752688172	0.895161290322581	0.0537634408602151
15	0.0534188034188034	0.213675213675214	0.0213675213675214	0.711538461538462
16	0.114114114114114	0.306306306306306	0.174174174174174	0.405405405405405
