Pos	A	C	G	T
1	0.226768796613586	0.265067526708325	0.297520661157025	0.210643015521064
2	0.424719678164855	0.0938115210134383	0.292561841992639	0.188906958829068
3	0.159969837337068	0.534525476677798	0.22945168587741	0.0760530001077238
4	0.12589928057554	0.849948612538541	0.0241521068859198	0.0
5	0.0	0.0	1.0	0.0
6	0.0	0.00412249705535925	0.974087161366313	0.0217903415783274
7	0.979664363277394	0.0100691016781836	0.0	0.0102665350444225
8	0.492595896520963	0.0902765388046387	0.0244424620874219	0.392685102586976
9	0.226926439365555	0.130885475209192	0.61970775571375	0.0224803297115024
10	0.0909550703869173	0.361291410267217	0.129478209559133	0.418275309786732
11	0.249899234179766	0.219669488109633	0.335147118097541	0.195284159613059
