Pos	A	C	G	T
1	0.297019162526615	0.199077359829666	0.344038325053229	0.15986515259049
2	0.852154195011338	0.00589569160997732	0.106878306878307	0.0350718065003779
3	0.0100607111882047	0.977797051170859	0.011968777103209	0.000173460537727667
4	0.00529287226534933	0.994530698659139	0.000176429075511644	0.0
5	0.000177367860943597	0.0	0.999822632139056	0.0
6	0.000177336407164391	0.000177336407164391	0.999645327185671	0.0
7	1.0	0.0	0.0	0.0
8	0.130983530860397	0.00138525473295367	0.0	0.867631214406649
9	0.864570552147239	0.000153374233128834	0.00138036809815951	0.133895705521472
10	0.000177304964539007	0.000177304964539007	0.000177304964539007	0.999468085106383
11	0.000177273533061514	0.999290905867754	0.0	0.000531820599184542
12	0.000177336407164391	0.999645327185671	0.000177336407164391	0.0
13	0.000176865935620799	0.0	0.996993279094446	0.00282985496993279
14	0.000347403161368768	0.00799027271148168	0.979155810317874	0.0125065138092757
15	0.0399759543131951	0.106552449654343	0.00631199278629396	0.847159603246168
16	0.1611071682044	0.340489709013485	0.202625975869411	0.295777146912704
