Pos	A	C	G	T
1	0.259561826958782	0.230783512810991	0.315633122911251	0.194021537318975
2	0.416421833926086	0.101206123395701	0.355342508118138	0.127029534560074
3	0.181998184968237	0.444352776173583	0.310617935813877	0.0630311030443033
4	0.280614903595623	0.70166753517457	0.0152423137050547	0.00247524752475248
5	0.00111275964391691	0.0	0.998887240356083	0.0
6	0.0	0.0	0.998146775389177	0.00185322461082283
7	0.965232974910394	0.0014336917562724	0.0	0.0333333333333333
8	0.660777818672555	0.0586431112746902	0.00699300699300699	0.273586063059747
9	0.195050946142649	0.170081737767327	0.60306796551338	0.0317993505766432
10	0.102283849918434	0.268678629690049	0.189722675367047	0.43931484502447
11	0.261047159301894	0.176383215744523	0.374675083549944	0.187894541403639
