Pos	A	C	G	T
1	0.314934155225553	0.149901933314654	0.375735500140095	0.159428411319697
2	0.661966604823748	0.0495361781076067	0.203525046382189	0.0849721706864564
3	0.101888449714537	0.78348704435661	0.08300395256917	0.0316205533596838
4	0.47642817526345	0.513311148086522	0.0102606766500277	0.0
5	0.0	0.0	1.0	0.0
6	0.00446428571428571	0.0	0.995535714285714	0.0
7	1.0	0.0	0.0	0.0
8	0.805235838411194	0.011509817197021	0.0106070864364703	0.172647257955315
9	0.575982412750756	0.0186864523220665	0.404506732618851	0.000824402308326463
10	0.0352697095435685	0.244436061863448	0.0473406261788005	0.672953602414183
11	0.193385650224215	0.354540358744395	0.306614349775785	0.145459641255605
