Pos	A	C	G	T
1	0.365225563909774	0.202255639097744	0.203195488721805	0.229323308270677
2	0.58847600088476	0.126078301260783	0.0820614908206149	0.203384207033842
3	0.258064516129032	0.507825920977286	0.0939110517274289	0.140198511166253
4	0.0941566412963418	0.653204026516082	0.252393812914314	0.000245519273262951
5	0.120794354176924	0.873297226325291	0.00311833251271951	0.00279008698506483
6	0.0	0.0	0.99924882629108	0.000751173708920188
7	0.0	0.0	0.999436513899324	0.000563486100676183
8	0.995882463035748	0.00262025079543328	0.0	0.00149728616881902
9	0.954097184866416	0.00591715976331361	0.00161377084454008	0.0383718845257307
10	0.210006949270327	0.0476719944405837	0.739541348158443	0.00277970813064628
11	0.0840356368889959	0.222128581748134	0.053214543703347	0.640621237659523
12	0.331390977443609	0.172744360902256	0.353759398496241	0.142105263157895
