Pos	A	C	G	T
1	0.609313826499073	0.045950958170204	0.191634040799505	0.153101174531218
2	0.857723577235772	0.00512548603746907	0.0478967833156592	0.0892541534110993
3	0.0316038322757248	0.225581684708224	0.138982207291278	0.603832275724773
4	0.103161810291383	0.295102293862368	0.601735895846249	0.0
5	0.00307755437012721	0.995691423881822	0.0	0.00123102174805088
6	0.00143855322646938	0.0	0.997328401150843	0.00123304562268804
7	0.000411946446961895	0.0	0.999588053553038	0.0
8	0.996918652423993	0.00102711585866886	0.00102711585866886	0.00102711585866886
9	0.997533401849949	0.00143884892086331	0.0	0.00102774922918808
10	0.0581081081081081	0.00444015444015444	0.936872586872587	0.000579150579150579
11	0.0121974830590513	0.0429816069699903	0.00522749273959342	0.939593417231365
12	0.371728827529363	0.0750051514527097	0.460951988460746	0.0923140325571811
