Pos	A	C	G	T
1	0.231200701139351	0.268886941279579	0.25749342681858	0.242418930762489
2	0.462660125374762	0.0994821477241755	0.314799672935405	0.123058053965658
3	0.109105415378478	0.568963797746086	0.211229679864366	0.11070110701107
4	0.041123370110331	0.953694416583083	0.00518221330658643	0.0
5	0.0	0.0	1.0	0.0
6	0.0024225644575186	0.0	0.98719501643883	0.0103824191036512
7	0.994248867201115	0.0	0.0	0.00575113279888463
8	0.574457674115152	0.0660577393573642	0.00342521611482629	0.356059370412657
9	0.251622624014835	0.0778859527121001	0.661219286045433	0.00927213722763097
10	0.0611022364217252	0.374920127795527	0.108306709265176	0.455670926517572
11	0.252454417952314	0.210378681626928	0.355014025245442	0.182152875175316
