Pos	A	C	G	T
1	0.412371134020619	0.154639175257732	0.257731958762887	0.175257731958763
2	0.0510204081632653	0.397959183673469	0.306122448979592	0.244897959183673
3	0.076742364917776	0.917776037588097	0.00548159749412686	0.0
4	0.0	0.0	1.0	0.0
5	0.0	0.0	1.0	0.0
6	0.97029702970297	0.0	0.0	0.0297029702970297
7	0.837606837606838	0.0341880341880342	0.00854700854700855	0.11965811965812
8	0.336734693877551	0.0	0.663265306122449	0.0
9	0.0306122448979592	0.0102040816326531	0.0204081632653061	0.938775510204082
10	0.142857142857143	0.0714285714285714	0.540816326530612	0.244897959183673
11	0.0618556701030928	0.309278350515464	0.525773195876289	0.103092783505155
12	0.0816326530612245	0.612244897959184	0.0510204081632653	0.255102040816327
13	0.712871287128713	0.0198019801980198	0.267326732673267	0.0
14	0.0	0.636363636363636	0.0	0.363636363636364
15	0.166666666666667	0.0	0.0555555555555556	0.777777777777778
16	0.0297029702970297	0.0	0.0	0.97029702970297
17	0.01	0.98	0.0	0.01
18	0.0	1.0	0.0	0.0
19	0.00084530853761623	0.00253592561284869	0.913778529163145	0.0828402366863905
20	0.131313131313131	0.282828282828283	0.444444444444444	0.141414141414141
21	0.264705882352941	0.0882352941176471	0.0	0.647058823529412
