Pos	A	C	G	T
1	0.31859756097561	0.224275914634146	0.28125	0.175876524390244
2	0.659130871640291	0.0454659633257975	0.196684250188395	0.0987189148455162
3	0.0689544063154503	0.84549701949412	0.0726599001127759	0.0128886740776543
4	0.0522240230506033	0.945074734377814	0.00180082838105529	0.000900414190527643
5	0.000380879832412874	0.000190439916206437	0.999428680251381	0.0
6	0.000571210967250571	0.0	0.999238385376999	0.00019040365575019
7	0.999428680251381	0.0	0.000380879832412874	0.000190439916206437
8	0.307447890188104	0.0255465175394001	0.0	0.667005592272496
9	0.676288659793814	0.0	0.0277061855670103	0.296005154639175
10	0.0	0.0	0.000190512478567346	0.999809487521433
11	0.0	1.0	0.0	0.0
12	0.000190439916206437	0.999428680251381	0.0	0.000380879832412874
13	0.000538793103448276	0.00197557471264368	0.942528735632184	0.0549568965517241
14	0.0121347596998244	0.0764809196870509	0.83793709085103	0.0734472297620948
15	0.0943825910931174	0.196103238866397	0.0455465587044534	0.663967611336032
16	0.1789594053745	0.280731846769583	0.229845626072041	0.310463121783877
