Pos	A	C	G	T
1	0.23094688221709	0.258660508083141	0.401847575057737	0.108545034642032
2	0.0955993930197269	0.14567526555387	0.101669195751138	0.657056145675266
3	0.0682302771855011	0.923240938166311	0.0	0.00852878464818763
4	0.0158371040723982	0.0	0.979638009049774	0.00452488687782805
5	0.00230414746543779	0.0	0.0	0.997695852534562
6	0.997695852534562	0.0	0.00230414746543779	0.0
7	0.984090909090909	0.0	0.0136363636363636	0.00227272727272727
8	0.935205183585313	0.00215982721382289	0.0388768898488121	0.0237580993520518
9	0.00226757369614512	0.0	0.0158730158730159	0.981859410430839
10	0.0346620450606586	0.21317157712305	0.750433275563258	0.00173310225303293
11	0.0468085106382979	0.874468085106383	0.0191489361702128	0.0595744680851064
12	0.5635103926097	0.152424942263279	0.122401847575058	0.161662817551963
