Pos	A	C	G	T
1	0.332378223495702	0.0152817574021012	0.00668576886341929	0.645654250238777
2	0.146057347670251	0.0	0.00806451612903226	0.845878136200717
3	0.0247252747252747	0.00641025641025641	0.0164835164835165	0.952380952380952
4	0.0	0.0103383458646617	0.0103383458646617	0.979323308270677
5	0.0113636363636364	0.0189393939393939	0.966856060606061	0.00284090909090909
6	0.0	0.0	1.0	0.0
7	0.00190294957183635	0.991436726926736	0.00380589914367269	0.00285442435775452
8	0.0140977443609023	0.00281954887218045	0.983082706766917	0.0
9	0.00192122958693564	0.00960614793467819	0.973102785782901	0.0153698366954851
10	0.0	0.0187617260787993	0.981238273921201	0.0
11	0.996204933586338	0.0	0.00379506641366224	0.0
12	0.967197750702905	0.0149953139643861	0.0112464854732896	0.00656044985941893
13	0.857409133271202	0.0232991612301957	0.032618825722274	0.0866728797763281
14	0.40305635148042	0.184336198662846	0.106972301814709	0.305635148042025
