Pos	A	C	G	T
1	0.232999088422972	0.174475843208751	0.46362807657247	0.128896991795807
2	0.632860274604823	0.030460366908965	0.254182531441098	0.0824968270451136
3	0.0606205250596659	0.872712808273667	0.0647573587907717	0.00190930787589499
4	0.295016369588941	0.702619134230629	0.00236449618042925	0.0
5	0.000182049881667577	0.0	0.998543600946659	0.00127434917167304
6	0.0	0.00109269714077581	0.998907302859224	0.0
7	0.988644556596972	0.00811103100216294	0.00324441240086518	0.0
8	0.740415766738661	0.00755939524838013	0.0	0.252024838012959
9	0.408189033189033	0.00757575757575758	0.581168831168831	0.00306637806637807
10	0.00524282560706402	0.209575055187638	0.0284216335540839	0.756760485651214
11	0.236098450319052	0.345305378304467	0.329443938012762	0.0891522333637192
