Pos	A	C	G	T
1	0.35591054313099	0.0549520766773163	0.0881789137380192	0.500958466453674
2	0.138500635324015	0.0944515036001694	0.103769589157137	0.663278271918678
3	0.114484818317571	0.052762568442011	0.0532603285216526	0.779492284718766
4	0.0615722924683892	0.0472787245739417	0.0302363936228697	0.860912589334799
5	0.143161482743928	0.0545377077119727	0.667234767788666	0.135066041755432
6	0.0792235047219308	0.0912906610703043	0.821615949632739	0.00786988457502623
7	0.0711135611907387	0.863285556780595	0.00496141124586549	0.0606394707828004
8	0.00190839694656489	0.000636132315521629	0.99618320610687	0.00127226463104326
9	0.00543478260869565	0.0356280193236715	0.945652173913043	0.0132850241545894
10	0.0132345156167284	0.0682901005823187	0.829010058231869	0.0894653255690842
11	0.882253521126761	0.00732394366197183	0.0467605633802817	0.0636619718309859
12	0.874860335195531	0.0128491620111732	0.0916201117318436	0.0206703910614525
13	0.566775244299674	0.0846905537459283	0.118349619978284	0.230184581976113
14	0.326947637292465	0.199872286079183	0.18007662835249	0.293103448275862
