Pos	A	C	G	T
1	0.234786557674841	0.198001816530427	0.181198910081744	0.386012715712988
2	0.00769230769230769	0.097165991902834	0.00404858299595142	0.891093117408907
3	0.213495180292753	0.0	0.785790789003927	0.000714030703320243
4	0.00669344042838019	0.0107095046854083	0.000446229361892012	0.98215082552432
5	0.0172888015717092	0.0141453831041257	0.103732809430255	0.86483300589391
6	0.00334946036471902	0.00781540751767771	0.16970599181243	0.819129140305173
7	0.597062326319968	0.00516077808654228	0.277094084954347	0.120682810639143
8	0.00181735574738755	0.532485233984552	0.118128123580191	0.347569286687869
9	0.117673784643344	0.442071785552022	0.145388459791004	0.29486597001363
10	0.544959128065395	0.0272479564032698	0.35921889191644	0.0685740236148955
11	0.0981372103589278	0.120399818264425	0.0172648796001817	0.764198091776465
12	0.156675749318801	0.326521344232516	0.285649409627611	0.231153496821072
13	0.291685597455702	0.252158109950023	0.322126306224443	0.134029986369832
14	0.269877328487051	0.270331667423898	0.228078146297138	0.231712857791913
15	0.303498409813721	0.220808723307587	0.251249432076329	0.224443434802363
16	0.225806451612903	0.300318037255793	0.19854611540209	0.275329395729214
17	0.232621535665607	0.28032712403453	0.276238073602908	0.210813266696956
18	0.12125340599455	0.372388737511353	0.203905540417802	0.302452316076294
19	0.230804179918219	0.346660608814175	0.286687869150386	0.135847342117219
20	0.864606996819627	0.00636074511585643	0.0595184007269423	0.0695138573375738
21	0.0408905043162199	0.436165379373012	0.00772376192639709	0.515220354384371
22	0.323636363636364	0.122727272727273	0.433181818181818	0.120454545454545
23	0.239327883742053	0.375567665758401	0.354223433242507	0.0308810172570391
24	0.708421498095641	0.0473973762166737	0.0207363520947948	0.22344477359289
25	0.31206106870229	0.67206106870229	0.000610687022900763	0.0152671755725191
26	0.980837789661319	0.00445632798573975	0.00222816399286988	0.0124777183600713
27	0.985669502910882	0.00626959247648903	0.00806090461262875	0.0
28	0.00374672161858374	0.824653428250281	0.0	0.171599850131135
29	0.893988627132413	0.00812347684809098	0.0812347684809098	0.0166531275385865
30	0.388283378746594	0.22661217075386	0.113987284287012	0.271117166212534
