Pos	A	C	G	T
1	0.606312292358804	0.0647840531561462	0.259136212624585	0.0697674418604651
2	0.110533159947984	0.557867360208062	0.106631989596879	0.224967490247074
3	0.156509695290859	0.00969529085872576	0.833795013850416	0.0
4	0.0125	0.151388888888889	0.0	0.836111111111111
5	0.745049504950495	0.246287128712871	0.00371287128712871	0.00495049504950495
6	0.871201157742402	0.104196816208394	0.00434153400868307	0.020260492040521
7	0.996688741721854	0.00165562913907285	0.0	0.00165562913907285
8	0.00141242937853107	0.850282485875706	0.0	0.148305084745763
9	0.822404371584699	0.0	0.177595628415301	0.0
10	0.499168053244592	0.19134775374376	0.0732113144758735	0.236272878535774
