Pos	A	C	G	T
1	0.117647058823529	0.332179930795848	0.0795847750865052	0.470588235294118
2	0.235294117647059	0.149019607843137	0.0490196078431373	0.566666666666667
3	0.71712158808933	0.0372208436724566	0.203473945409429	0.0421836228287841
4	0.15	0.4	0.0472222222222222	0.402777777777778
5	0.434210526315789	0.0493421052631579	0.516447368421053	0.0
6	0.0188087774294671	0.0752351097178683	0.0	0.905956112852665
7	0.832853025936599	0.112391930835735	0.0547550432276657	0.0
8	0.855029585798817	0.0828402366863905	0.0236686390532544	0.0384615384615385
9	0.791780821917808	0.0273972602739726	0.156164383561644	0.0246575342465753
10	0.0	0.979661016949153	0.00677966101694915	0.0135593220338983
11	0.608421052631579	0.0442105263157895	0.0842105263157895	0.263157894736842
12	0.444444444444444	0.0868055555555556	0.211805555555556	0.256944444444444
