Pos	A	C	G	T
1	0.150127226463104	0.302798982188295	0.193384223918575	0.353689567430025
2	0.355460385438972	0.0706638115631692	0.0899357601713062	0.483940042826552
3	0.454545454545455	0.00886917960088692	0.414634146341463	0.121951219512195
4	0.338090010976948	0.0834248079034029	0.148188803512623	0.430296377607025
5	0.0818965517241379	0.0431034482758621	0.844827586206897	0.0301724137931034
6	0.0393162393162393	0.266666666666667	0.0239316239316239	0.67008547008547
7	0.549789621318373	0.419354838709677	0.00561009817671809	0.0252454417952314
8	0.85785536159601	0.119700748129676	0.0	0.0224438902743142
9	0.972704714640198	0.0	0.0272952853598015	0.0
10	0.0125944584382872	0.513853904282116	0.0	0.473551637279597
11	0.907407407407407	0.00231481481481481	0.0902777777777778	0.0
12	0.307888040712468	0.0610687022900763	0.0356234096692112	0.595419847328244
