Pos	A	C	G	T
1	0.235089398355592	0.273458911558707	0.273110888763214	0.218340801322487
2	0.489803921568627	0.0902745098039216	0.00827450980392157	0.411647058823529
3	0.0	0.0	1.0	0.0
4	1.0	0.0	0.0	0.0
5	0.0	0.0	0.0	1.0
6	0.873399445267677	0.0191876591055891	0.0	0.107412895626734
7	0.841644698301113	0.00746924428822496	0.062829525483304	0.0880565319273579
8	0.0547574972232506	0.38830062939652	0.462754535357275	0.0941873380229545
9	0.379470220147197	0.170508705378854	0.365820445481957	0.0842006289919917
10	0.288510897463784	0.229825553573759	0.206508026275721	0.275155522686736
