Pos	A	C	G	T
1	0.0673813169984686	0.0627871362940276	0.817764165390505	0.0520673813169985
2	0.933566433566434	0.020979020979021	0.0244755244755245	0.020979020979021
3	0.00355871886120996	0.0427046263345196	0.00355871886120996	0.950177935943061
4	0.965641952983725	0.0162748643761302	0.0126582278481013	0.0054249547920434
5	0.912820512820513	0.0598290598290598	0.0256410256410256	0.00170940170940171
6	0.0430711610486891	0.132958801498127	0.271535580524345	0.552434456928839
7	0.275280898876405	0.099250936329588	0.462546816479401	0.162921348314607
8	0.256554307116105	0.245318352059925	0.250936329588015	0.247191011235955
9	0.187265917602996	0.48689138576779	0.102996254681648	0.222846441947566
10	0.556179775280899	0.252808988764045	0.144194756554307	0.0468164794007491
11	0.0152027027027027	0.0118243243243243	0.0709459459459459	0.902027027027027
12	0.0142348754448399	0.0160142348754448	0.0195729537366548	0.950177935943061
13	0.935201401050788	0.010507880910683	0.0507880910683012	0.00350262697022767
14	0.027972027972028	0.020979020979021	0.0174825174825175	0.933566433566434
15	0.0514018691588785	0.831775700934579	0.0514018691588785	0.0654205607476635
