Pos	A	C	G	T
1	0.382936507936508	0.3125	0.104828042328042	0.19973544973545
2	0.518613827414651	0.155772859838737	0.250643335048893	0.0749699776977183
3	0.0	0.797691567810196	0.030779095864059	0.171529336325745
4	0.165801427644387	0.0191434133679429	0.81505515898767	0.0
5	0.263959390862944	0.134155184916606	0.0538433647570703	0.548042059463379
6	0.393384714193963	0.577392421323057	0.0208734746307001	0.00834938985228003
7	0.761652809271857	0.179642227261275	0.0224237843285462	0.036281179138322
8	0.756317237928446	0.0868151113335001	0.0993244933700275	0.057543157368026
9	0.00211800302571861	0.914674735249622	0.00726172465960666	0.075945537065053
10	0.743482538121003	0.0120511559272012	0.228480078701426	0.0159862272503689
11	0.240079365079365	0.380952380952381	0.0773809523809524	0.301587301587302
