Pos	A	C	G	T
1	0.197591388681658	0.310881381221358	0.14025365021848	0.351273579878504
2	0.36998900329901	0.0790762771168649	0.0221933419974008	0.528741377586724
3	0.491207502930832	0.0877118192475754	0.314931258659277	0.106149419162315
4	0.264963749789243	0.167846906086663	0.139942674085314	0.427246670038779
5	0.153041259038707	0.0459378987664823	0.755508294342833	0.0455125478519779
6	0.00558902518690571	0.400522610147347	0.00203237279523844	0.591855991870509
7	0.686717589645661	0.308402291534055	0.00244005941014216	0.00244005941014216
8	0.983377169910573	0.012519726459758	0.00220936349289847	0.00189374013677012
9	0.990059221658206	0.00401861252115059	0.000846023688663283	0.0050761421319797
10	0.000414293112377007	0.032522009321595	0.0	0.967063697566028
11	0.980312074562781	0.0	0.019478479421929	0.000209446015289559
12	0.0096234309623431	0.0049163179916318	0.00564853556485356	0.979811715481172
13	0.0114583333333333	0.00583333333333333	0.0104166666666667	0.972291666666667
14	0.0710896596858639	0.00286321989528796	0.629908376963351	0.296138743455497
15	0.729327731092437	0.00554621848739496	0.246470588235294	0.018655462184874
16	0.0211691762621789	0.777236492471214	0.0287865367581931	0.172807794508415
17	0.491586964222458	0.07137796670209	0.182075805880269	0.254959263195182
18	0.0384576459872483	0.31656714907398	0.0315757514421617	0.61339945349661
19	0.574979871175523	0.018317230273752	0.0609903381642512	0.345712560386473
20	0.391239475647447	0.106469146328466	0.328466375359693	0.173825002664393
