Pos	A	C	G	T
1	0.209493219129193	0.261360932667142	0.30252200808946	0.226623840114204
2	0.392610120131052	0.187477247906807	0.0475973789588642	0.372315253003276
3	0.0	0.0	1.0	0.0
4	1.0	0.0	0.0	0.0
5	0.0	0.0	0.0	1.0
6	0.739616332277367	0.107268567405843	0.0373108060542063	0.115804294262584
7	0.60454578148601	0.0808458606056247	0.167014313457527	0.147594044450838
8	0.00243231810490694	0.470389170896785	0.418464467005076	0.108714043993232
9	0.359547888161808	0.171921475312314	0.386317668054729	0.0822129684711481
