Pos	A	C	G	T
1	0.210366143604375	0.307988587731812	0.248787446504993	0.232857822158821
2	0.509820860234609	0.0358279530781122	0.00804764935891607	0.446303537328362
3	0.0	0.0	1.0	0.0
4	1.0	0.0	0.0	0.0
5	0.0	0.0	0.0	1.0
6	0.933916596349425	0.00945951947417507	0.0	0.0566238841764001
7	0.934996220710506	0.0	0.037037037037037	0.0279667422524565
8	0.0387394957983193	0.36281512605042	0.520714285714286	0.0777310924369748
9	0.423852374985761	0.145119034058549	0.374568098112921	0.0564604928427687
10	0.323838508726045	0.218079794569404	0.216938513481383	0.241143183223168
