Pos	A	C	G	T
1	0.527978762167508	0.0730831294570819	0.195825308417053	0.203112799958357
2	0.570766669079852	0.0118728733801491	0.160138999493231	0.257221458046768
3	0.000464360343626654	0.885767355467843	0.113536104016717	0.000232180171813327
4	0.0830141184196126	0.566706796541534	0.0246251504870308	0.325653934551822
5	0.338690148596588	0.0211337369290039	0.575894331315355	0.0642817831590534
6	0.0023538344722855	0.135839028094153	0.861807137433561	0.0
7	0.218928358463242	0.189965073686004	0.00681489053582077	0.584291677314933
8	0.186898372944885	0.203765227021041	0.0925973251554647	0.51673907487861
9	0.16541737649063	0.332197614991482	0.144804088586031	0.357580919931857
10	0.356303236797274	0.137819420783646	0.326660988074957	0.179216354344123
11	0.523468779282733	0.0898713689411364	0.207683789079138	0.178976062696993
12	0.580579216354344	0.0103066439522998	0.19114139693356	0.217972742759796
13	0.0	0.872312753423609	0.121107795884018	0.00657945069237243
14	0.0688561091010298	0.583523517951573	0.0198163094906763	0.327804063456721
15	0.314630565976187	0.0296852063284945	0.570271298863698	0.0854129288316207
16	0.00116351225566243	0.110999069190195	0.885898231461371	0.00193918709277071
17	0.262359873526876	0.161612532336878	0.0131503305547571	0.562877263581489
18	0.203501206427435	0.191847630781868	0.0827044509471739	0.521946711843524
