Pos	A	C	G	T
1	0.269378336298932	0.201308570581257	0.176008303677343	0.353304789442467
2	0.0191037854730581	0.142312280524892	0.0105600080649226	0.828023925937127
3	0.446435193140811	0.02873370897284	0.519730118389755	0.00510097949659482
4	0.0	0.0136081758651238	0.00498662014923328	0.981405203985643
5	0.00176297747306562	0.0	0.0613035348588728	0.936933487668062
6	0.0	0.0	0.113580543771362	0.886419456228638
7	0.969600655707846	0.00442602795865398	0.0111470333773508	0.0148262829561495
8	0.00228570370987294	0.993022588675125	0.0	0.00469170761500236
9	0.997970907069397	0.00202909293060317	0.0	0.0
10	0.997043778033139	0.0	0.0	0.00295622196686066
11	0.00896650837290677	0.700613909022744	0.0	0.290419582604349
12	0.832849250605463	0.00831702965689021	0.148525774173253	0.0103079455643945
13	0.433695381551102	0.1661972488485	0.141984625918088	0.25812274368231
14	0.385244154472072	0.145918093102138	0.135482794732306	0.333354957693484
