Pos	A	C	G	T
1	0.3386827148111	0.168171180207289	0.187228351721832	0.305917753259779
2	0.485741672657561	0.0929786724179247	0.190031152647975	0.23124850227654
3	0.210430930326218	0.209826822392267	0.187072090213451	0.392670157068063
4	0.294183195899265	0.0390015600624025	0.666815244038333	0.0
5	0.0924281984334204	0.0992167101827676	0.027154046997389	0.781201044386423
6	0.675852721933589	0.282810029365259	0.0207815676530382	0.0205556810481138
7	0.764240102171137	0.144572158365262	0.0109833971902937	0.0802043422733078
8	0.882856299793449	0.0230156388315137	0.0513425789318383	0.0427854824431986
9	0.0	0.711802072885323	0.0	0.288197927114677
10	0.898498498498498	0.0156156156156156	0.048048048048048	0.0378378378378378
11	0.42346256684492	0.18081550802139	0.147058823529412	0.248663101604278
