Pos	A	C	G	T
1	0.0718918918918919	0.0740540540540541	0.787027027027027	0.067027027027027
2	0.847004072134962	0.0418848167539267	0.0413030831878999	0.0698080279232112
3	0.0223741454319453	0.0559353635798633	0.016780609073959	0.904909881914232
4	0.853458382180539	0.0457209847596717	0.0427901524032825	0.0580304806565064
5	0.852958406561218	0.0521382542472173	0.0427650849443468	0.0521382542472173
6	0.0686341798215511	0.237474262182567	0.378860672614962	0.31503088538092
7	0.276595744680851	0.135209334248456	0.398764584763212	0.189430336307481
8	0.271291208791209	0.239010989010989	0.200549450549451	0.289148351648352
9	0.190247252747253	0.364697802197802	0.134615384615385	0.31043956043956
10	0.3125	0.385989010989011	0.24793956043956	0.0535714285714286
11	0.0571263704558569	0.033467974610502	0.0692440854010387	0.840161569532602
12	0.0592976396085204	0.0402993667242372	0.0621761658031088	0.838226827864134
13	0.899876390605686	0.0216316440049444	0.053770086526576	0.0247218788627936
14	0.0657060518731988	0.046685878962536	0.0484149855907781	0.839193083573487
15	0.0700909577314072	0.779026217228464	0.0754414125200642	0.0754414125200642
