Pos	A	C	G	T
1	0.314796370075255	0.12898406374502	0.268204957945994	0.288014608233732
2	0.366561938958707	0.0788599640933573	0.110008976660682	0.444569120287253
3	0.560406893028009	0.0782200752473408	0.0823540340935482	0.279018997631102
4	0.485086602844336	0.165790493055171	0.225554756239278	0.123568147861214
5	0.155832992222677	0.30589439214081	0.104461727384363	0.433810888252149
6	0.271963209641611	0.011615921344751	0.716420869013638	0.0
7	0.0228805011413707	0.0143334925943622	0.00345065562456867	0.959335350639698
8	0.826405085288334	0.169844971875429	0.00114327525495038	0.00260666758128687
9	0.89186654821834	0.0540914026256046	0.000345474286842365	0.0536965748692133
10	0.983562836771349	0.00125183693463234	0.00832743699994557	0.00685788929407282
11	0.000408830744071954	0.820886708458254	0.0	0.178704460797674
12	0.889364634086323	0.000836655347211969	0.104532703381072	0.00526600718539298
13	0.500027668640363	0.153062918488185	0.110065851364064	0.236843561507388
