Pos	A	C	G	T
1	0.184769038701623	0.278401997503121	0.294631710362047	0.242197253433208
2	0.213483146067416	0.232209737827715	0.278401997503121	0.275905118601748
3	0.188100686498856	0.0796338672768879	0.365217391304348	0.367048054919908
4	0.219730941704036	0.0188340807174888	0.042152466367713	0.719282511210762
5	0.452593917710197	0.073345259391771	0.115384615384615	0.358676207513417
6	0.990123456790123	0.0	0.00987654320987654	0.0
7	0.0732673267326733	0.201320132013201	0.196039603960396	0.529372937293729
8	0.0389435989256938	0.146821844225604	0.455237242614145	0.358997314234557
9	0.341645885286783	0.0	0.658354114713217	0.0
10	0.0	0.769673704414587	0.0873320537428023	0.14299424184261
