Pos	A	C	G	T
1	0.0859562230388241	0.105767694519891	0.0416999520690206	0.766576130372264
2	0.0217752352832626	0.0847019745340469	0.885403210924525	0.00811957925816571
3	0.666759310728182	0.0148693718732629	0.0608671484157865	0.257504168982768
4	0.0180533751962323	0.941522762951334	0.00804552590266876	0.0323783359497645
5	0.909918452493837	0.0051204248056135	0.0709273658259056	0.0140337568746444
6	0.0304293455606503	0.292205085452272	0.489578991246353	0.187786577740725
7	0.176740308461859	0.490204251771572	0.299291371404752	0.0337640683618174
8	0.0109433962264151	0.0835849056603774	0.000188679245283019	0.905283018867925
9	0.0280466126802291	0.00908552241753901	0.947659490420699	0.0152083744815327
10	0.262687779131141	0.0633373934226553	0.0246312085532548	0.649343618892949
11	0.0223839854413103	0.873157415832575	0.0857142857142857	0.0187443130118289
12	0.767311690388613	0.0602910602910603	0.0874780105549336	0.0849192387653926
