Pos	A	C	G	T
1	0.211070559610706	0.302919708029197	0.273114355231144	0.212895377128954
2	0.275547445255474	0.204379562043796	0.295012165450122	0.225060827250608
3	0.242516629711752	0.059589800443459	0.242239467849224	0.455654101995565
4	0.0917098445595855	0.0119170984455959	0.044559585492228	0.851813471502591
5	0.406703190460844	0.0238478891395424	0.0396390589751853	0.529809861424428
6	0.972205795387345	0.0	0.0277942046126552	0.0
7	0.0	0.718531468531469	0.00743006993006993	0.274038461538462
8	0.0392699115044248	0.00884955752212389	0.90929203539823	0.0425884955752212
9	0.632307692307692	0.0557692307692308	0.205384615384615	0.106538461538462
10	0.0160349854227405	0.482507288629738	0.185131195335277	0.316326530612245
