Pos	A	C	G	T
1	0.199195171026157	0.371562709590879	0.29309188464118	0.136150234741784
2	0.177852348993289	0.228187919463087	0.336912751677852	0.257046979865772
3	0.190684588934042	0.0481400437636762	0.295092216317599	0.466083150984683
4	0.136546184738956	0.0	0.00803212851405622	0.855421686746988
5	0.456722446624351	0.0614541257934218	0.0516445470282747	0.430178880553953
6	0.989382879893829	0.0	0.0026542800265428	0.0079628400796284
7	0.0804554079696395	0.224667931688805	0.129032258064516	0.56584440227704
8	0.0722991689750693	0.0955678670360111	0.419113573407202	0.413019390581717
9	0.336016096579477	0.0	0.663983903420523	0.0
10	0.121686223381139	0.647979139504563	0.0951760104302477	0.13515862668405
