Pos	A	C	G	T
1	0.0913884007029877	0.404217926186292	0.381370826010545	0.123022847100176
2	0.295918367346939	0.0	0.123469387755102	0.580612244897959
3	0.0	0.518687329079307	0.133090246125798	0.348222424794895
4	0.97098976109215	0.0	0.0290102389078498	0.0
5	0.862121212121212	0.0287878787878788	0.0	0.109090909090909
6	0.0	0.793584379358438	0.0446304044630404	0.161785216178522
7	0.0797752808988764	0.246067415730337	0.639325842696629	0.0348314606741573
8	0.42526158445441	0.313153961136024	0.00971599402092676	0.25186846038864
9	0.105448154657293	0.309314586994728	0.293497363796134	0.291739894551845
