Pos	A	C	G	T
1	0.206430398246255	0.265619291194739	0.357325538911217	0.17062477164779
2	0.303706133158413	0.0941292226959659	0.594293210888816	0.00787143325680551
3	0.0428707526198793	0.0809780882819943	0.00666878374087012	0.869482375357256
4	0.0394955194158646	0.908728841686027	0.0016594756057086	0.0501161632923996
5	0.158812729498164	0.000305997552019584	0.837821297429621	0.00305997552019584
6	0.0	0.0297661233167966	0.0	0.970233876683203
7	0.679573095060809	0.0208488458674609	0.0198560436832961	0.279722015388434
8	0.93224378617637	0.0	0.0108954715696289	0.0568607422540007
9	0.862905767412543	0.0664985817838008	0.0208005042546486	0.0497951465490072
10	0.425155279503106	0.195031055900621	0.148447204968944	0.231366459627329
11	0.210737764791819	0.306428049671293	0.215120525931337	0.267713659605551
