Pos	A	C	G	T
1	0.13756345177665	0.262944162436548	0.438071065989848	0.161421319796954
2	0.192466797300239	0.165686914870455	0.212932723709993	0.428913564119312
3	0.0471902017291066	0.362031700288184	0.243155619596542	0.347622478386167
4	0.778964017398181	0.00197706603400554	0.198892843020957	0.0201660735468565
5	0.980587356893977	0.00348432055749129	0.0159283225485316	0.0
6	0.0	0.0	1.0	0.0
7	0.0780306549001393	0.0	0.00696702275894101	0.91500232234092
8	0.093836246550138	0.0	0.906163753449862	0.0
9	0.0482606565409113	0.281234688878001	0.482606565409113	0.187898089171975
10	0.16810563737938	0.239715591670899	0.254443880142204	0.337734890807517
