Pos	A	C	G	T
1	0.197003745318352	0.229712858926342	0.415980024968789	0.157303370786517
2	0.269878997407087	0.133318928262748	0.595289541918755	0.00151253241140882
3	0.0106332703213611	0.0408790170132325	0.00236294896030246	0.946124763705104
4	0.0199288256227758	0.94994068801898	0.000237247924080664	0.0298932384341637
5	0.175113308611454	0.0	0.824886691388546	0.0
6	0.0	0.0	0.0	1.0
7	0.716407228484523	0.00357845768473788	0.00483091787439614	0.275183395956343
8	0.954469606674613	0.0	0.00405244338498212	0.0414779499404052
9	0.947692307692308	0.0248520710059172	0.0	0.0274556213017751
10	0.488352238077814	0.189169410903769	0.107086230028052	0.215392120990365
11	0.218531468531469	0.338161838161838	0.178071928071928	0.265234765234765
