Pos	A	C	G	T
1	0.060844780491667	0.0136178298563002	0.0027710700288983	0.922766319623134
2	0.954858266426348	0.000778305751269867	0.0229395379321645	0.0214238898902179
3	1.0	0.0	0.0	0.0
4	0.000896707801357872	0.00358683120543149	0.000170801485972928	0.995345659507238
5	0.0094839609483961	0.0440725244072524	0.0175732217573222	0.928870292887029
6	0.609395832788685	0.123186321926224	0.099396094219759	0.168021751065332
7	0.359610317402761	0.0682428022336645	0.56349263906012	0.00865424130345444
8	0.893651280478454	0.00341205336604815	0.0880999846649287	0.0148366814905689
9	0.000471213159698424	0.000556888279643592	0.00042837559972584	0.998543522960932
10	0.0080728201326249	0.0299435726347873	0.00189464145969768	0.96008896577289
11	0.912257357545398	0.00532247964934252	0.0132670632435817	0.0691530995616781
