Pos	A	C	G	T
1	0.131822070145423	0.153464499572284	0.66732249786142	0.0473909324208725
2	0.0163389891372655	0.782924858604902	0.122183319867133	0.0785528323906994
3	0.00425443602780948	0.413821728753762	0.0	0.581923835218429
4	1.0	0.0	0.0	0.0
5	0.974114303116435	0.0258856968835651	0.0	0.0
6	0.0	0.0	0.0	1.0
7	0.051881993896236	0.2470571137916	0.00377852056387153	0.697282371748292
8	0.674634420697413	0.0119516310461192	0.0830989876265467	0.230314960629921
9	0.0620114643043252	0.505888483585201	0.112975508077124	0.319124544033351
