Pos	A	C	G	T
1	0.299583911234397	0.196948682385576	0.339805825242718	0.163661581137309
2	0.132716049382716	0.0802469135802469	0.756172839506173	0.0308641975308642
3	0.0	0.283625730994152	0.0	0.716374269005848
4	0.718475073313783	0.196480938416422	0.0850439882697947	0.0
5	0.907407407407407	0.0222222222222222	0.0666666666666667	0.0037037037037037
6	0.0	0.00809716599190283	0.0	0.991902834008097
7	0.795454545454545	0.0227272727272727	0.00324675324675325	0.178571428571429
8	0.907407407407407	0.0	0.0333333333333333	0.0592592592592593
9	0.964566929133858	0.0	0.0	0.0354330708661417
10	0.682451253481894	0.139275766016713	0.064066852367688	0.114206128133705
11	0.322448979591837	0.306122448979592	0.114285714285714	0.257142857142857
