Pos	A	C	G	T
1	0.222723020665023	0.300790883578536	0.137001445701165	0.339484650055277
2	0.00594907591020861	0.0613151423812168	0.0	0.932735781708575
3	0.990648694187026	0.0	0.00935130581297388	0.0
4	1.0	0.0	0.0	0.0
5	0.0	0.0	0.0376462885669858	0.962353711433014
6	0.0	0.94109643857543	0.0128051220488195	0.0460984393757503
7	0.00815380011968881	0.879637941352484	0.0313435068821065	0.0808647516457211
8	0.143974827791479	0.322901607279531	0.354366867930947	0.178756696998044
9	0.208558232708252	0.365032552445607	0.137109787991765	0.289299426854376
10	0.233713216533424	0.225123320292567	0.179622384759313	0.361541078414696
