Pos	A	C	G	T
1	0.305771725032425	0.19412019022914	0.430717682663208	0.069390402075227
2	0.139492565249038	0.481075179369866	0.116148487054175	0.263283768326921
3	0.0109605420486249	0.0670585890793145	0.0	0.921980868872061
4	0.936728082607815	0.0517311196598502	0.0115407977323345	0.0
5	1.0	0.0	0.0	0.0
6	0.0	0.0216807763782779	0.0230229196778856	0.955296303943836
7	0.0509184055979008	0.110646007747095	0.260339872547795	0.57809571410721
8	0.564789797903383	0.0	0.435210202096617	0.0
9	0.226613139296617	0.3869443398988	0.245431355329737	0.141011165474846
10	0.273749054360748	0.240570625743002	0.285961309845456	0.199719010050794
