Pos	A	C	G	T
1	0.367421321931731	0.221980794841242	0.263615336090278	0.146982547136749
2	0.279622902612005	0.199965403909358	0.183013319494897	0.33739837398374
3	0.209532333855449	0.154352204072499	0.207115685835757	0.428999776236294
4	0.0698898207531656	0.225182261689415	0.148001973359645	0.556925944197775
5	0.00680232217205184	0.156512050665572	0.0	0.836685627162376
6	0.987268198173263	0.0127318018267368	0.0	0.0
7	1.0	0.0	0.0	0.0
8	0.0	0.0	0.0	1.0
9	0.0448840113031478	0.0174804494972728	0.0	0.937635539199579
10	0.837766425929188	0.0	0.121308202689214	0.0409253713815983
11	0.329899074852817	0.293243622091393	0.143397813288478	0.233459489767311
