Pos	A	C	G	T
1	0.040973505853358	0.252002464571781	0.0403573629081947	0.666666666666667
2	0.0120732722731057	0.0770191507077436	0.900915903413822	0.00999167360532889
3	0.704427083333333	0.0257161458333333	0.0836588541666667	0.186197916666667
4	0.00538599640933573	0.971274685816876	0.00673249551166966	0.0166068222621185
5	0.968666069829902	0.000895255147717099	0.0277529095792301	0.0026857654431513
6	0.0207948243992606	0.315619223659889	0.52634011090573	0.13724584103512
7	0.129390018484288	0.545748613678373	0.312846580406654	0.0120147874306839
8	0.00322283609576427	0.292817679558011	0.000460405156537753	0.703499079189687
9	0.0315334773218143	0.00863930885529158	0.934773218142549	0.0250539956803456
10	0.193255879852649	0.183338056106546	0.0102011901388495	0.613204873901955
11	0.0136759220886863	0.89680895151264	0.0866141732283465	0.00290095317032739
12	0.677096370463079	0.0312891113892365	0.23811013767209	0.0535043804755945
