Pos	A	C	G	T
1	0.22267016688543	0.153853365835365	0.305737858616163	0.317738608663041
2	0.0956521739130435	0.0545260156806842	0.0895937277263008	0.760228082679971
3	0.00324675324675325	0.0	0.00732838589981447	0.989424860853432
4	0.00512629322397241	0.000745642650759623	0.0	0.994128064125268
5	0.195059496912186	0.0	0.00165687603554752	0.803283627052267
6	0.989975867829961	0.0	0.0	0.010024132170039
7	0.0	0.0	0.0108504126866364	0.989149587313364
8	0.0253062167783684	0.0186618904552808	0.339785070487636	0.616246822278715
9	0.346089229046108	0.000186671644577189	0.64943065148404	0.00429344782527534
10	0.0509698428429846	0.755061588560102	0.0467931473877956	0.147175421209118
