Pos	A	C	G	T
1	0.352787683743585	0.209967817691572	0.294511611724798	0.142732886840045
2	0.259075425790754	0.208077858880779	0.232457420924574	0.300389294403893
3	0.197936911346988	0.176458862809588	0.250610454975831	0.374993770867594
4	0.0811052262140259	0.248356837470487	0.18524663390977	0.485291302405718
5	0.0341355599214145	0.255648330058939	0.0043590373280943	0.705857072691552
6	0.882822698303002	0.0826230515242264	0.0301005912616141	0.00445365891115718
7	1.0	0.0	0.0	0.0
8	0.0	0.0265360790222669	0.0110497237569061	0.962414197220827
9	0.0647165596202178	0.0661128176487015	0.0665316950572466	0.802638927673834
10	0.71144801980198	0.0	0.235272277227723	0.053279702970297
11	0.31410925539318	0.275139178844816	0.205027835768963	0.205723729993041
