Pos	A	C	G	T
1	0.186183738671187	0.438645106604942	0.130273195540197	0.244897959183673
2	0.0100367908087523	0.0	0.0	0.989963209191248
3	1.0	0.0	0.0	0.0
4	1.0	0.0	0.0	0.0
5	0.246295198577356	0.0	0.104306037767804	0.64939876365484
6	0.081981148586144	0.0424031802385179	0.108683151236343	0.766932519938995
7	0.0931840825177284	0.0	0.898874758248843	0.00794115923342906
8	0.180146699266504	0.368541157294214	0.282999185004075	0.168312958435208
9	0.115071696132465	0.300145539570062	0.153055138024002	0.431727626273471
