Pos	A	C	G	T
1	0.144321968725968	0.286507733059899	0.273519610356319	0.295650687857814
2	0.0314511529373421	0.0149107797604498	0.0	0.953638067302208
3	0.84971685784812	0.0116160882822709	0.037171482503267	0.101495571366342
4	0.99642431466031	0.00357568533969011	0.0	0.0
5	0.0	1.0	0.0	0.0
6	0.0	0.160461946775698	0.0	0.839538053224302
7	0.984687868080094	0.0	0.0	0.0153121319199058
8	0.101385903801971	0.0312013636700511	0.867412732527977	0.0
9	0.0271678769756514	0.229730884237505	0.318496369073046	0.424604869713798
