Pos	A	C	G	T
1	0.159420289855072	0.260869565217391	0.072463768115942	0.507246376811594
2	0.8	0.0705882352941176	0.0117647058823529	0.117647058823529
3	0.829268292682927	0.024390243902439	0.0365853658536585	0.109756097560976
4	0.14	0.12	0.06	0.68
5	0.151515151515152	0.0505050505050505	0.111111111111111	0.686868686868687
6	0.232323232323232	0.0505050505050505	0.686868686868687	0.0303030303030303
7	0.205882352941176	0.220588235294118	0.308823529411765	0.264705882352941
8	0.308823529411765	0.161764705882353	0.176470588235294	0.352941176470588
9	0.260869565217391	0.260869565217391	0.173913043478261	0.304347826086957
10	0.289855072463768	0.231884057971014	0.217391304347826	0.260869565217391
11	0.338235294117647	0.205882352941176	0.191176470588235	0.264705882352941
12	0.260869565217391	0.260869565217391	0.260869565217391	0.217391304347826
13	0.27536231884058	0.217391304347826	0.246376811594203	0.260869565217391
14	0.205882352941176	0.264705882352941	0.25	0.279411764705882
15	0.220588235294118	0.294117647058824	0.176470588235294	0.308823529411765
16	0.150943396226415	0.641509433962264	0.0	0.207547169811321
17	0.623853211009174	0.146788990825688	0.073394495412844	0.155963302752294
18	0.731182795698925	0.0967741935483871	0.0860215053763441	0.0860215053763441
19	0.113924050632911	0.0253164556962025	0.0	0.860759493670886
20	0.120481927710843	0.036144578313253	0.0240963855421687	0.819277108433735
21	0.447761194029851	0.134328358208955	0.298507462686567	0.119402985074627
