Pos	A	C	G	T
1	0.323308270676692	0.135338345864662	0.233082706766917	0.308270676691729
2	0.487179487179487	0.128205128205128	0.245421245421245	0.139194139194139
3	0.0858585858585859	0.671717171717172	0.126262626262626	0.116161616161616
4	0.321705426356589	0.0813953488372093	0.515503875968992	0.0813953488372093
5	0.174157303370787	0.466292134831461	0.0730337078651685	0.286516853932584
6	0.292307692307692	0.192307692307692	0.341025641025641	0.174358974358974
7	0.186567164179104	0.238805970149254	0.171641791044776	0.402985074626866
8	0.238805970149254	0.253731343283582	0.253731343283582	0.253731343283582
9	0.308270676691729	0.195488721804511	0.240601503759398	0.255639097744361
10	0.265151515151515	0.28030303030303	0.181818181818182	0.272727272727273
11	0.225563909774436	0.225563909774436	0.218045112781955	0.330827067669173
12	0.323308270676692	0.180451127819549	0.345864661654135	0.150375939849624
13	0.164456233421751	0.352785145888594	0.20159151193634	0.281167108753316
14	0.274285714285714	0.0457142857142857	0.491428571428571	0.188571428571429
15	0.110204081632653	0.542857142857143	0.0489795918367347	0.297959183673469
16	0.135514018691589	0.135514018691589	0.621495327102804	0.107476635514019
17	0.135658914728682	0.232558139534884	0.116279069767442	0.515503875968992
18	0.323308270676692	0.278195488721804	0.135338345864662	0.263157894736842
