Pos	A	C	G	T
1	0.1230369729195	0.111042413750464	0.0356745393841969	0.730246073945839
2	0.827854489381089	0.00168220368682975	0.0988294666012476	0.0716338403308334
3	1.0	0.0	0.0	0.0
4	0.0469824293353705	0.14654952890247	0.0545581869111281	0.751909854851031
5	0.0674220014511358	0.152201819501033	0.121169838700675	0.659206340347156
6	0.311319955973245	0.175937685208704	0.345356024045381	0.16738633477267
7	0.182441584828987	0.306044700304775	0.401625465628175	0.109888249238063
8	0.533517029541964	0.0308519288101906	0.372391363266781	0.0632396783810642
9	0.00440418813362141	0.00930696360312448	0.00481967758018946	0.981469170683065
10	0.0651639632048311	0.0985183624745453	0.0069517590056878	0.829365915314936
11	0.647781495091318	0.0480447540174409	0.130532550869303	0.173641200021938
