Pos	A	C	G	T
1	0.159763313609467	0.189349112426035	0.159763313609467	0.49112426035503
2	0.827586206896552	0.0788177339901478	0.0492610837438424	0.0443349753694581
3	0.918032786885246	0.0218579234972678	0.0	0.0601092896174863
4	0.0585106382978723	0.0106382978723404	0.0372340425531915	0.893617021276596
5	0.125523012552301	0.0251046025104603	0.146443514644351	0.702928870292887
6	0.1256038647343	0.0289855072463768	0.811594202898551	0.0338164251207729
7	0.31547619047619	0.238095238095238	0.202380952380952	0.244047619047619
8	0.267857142857143	0.214285714285714	0.208333333333333	0.30952380952381
9	0.227544910179641	0.269461077844311	0.125748502994012	0.377245508982036
10	0.291666666666667	0.220238095238095	0.208333333333333	0.279761904761905
11	0.284023668639053	0.207100591715976	0.189349112426035	0.319526627218935
12	0.325443786982249	0.183431952662722	0.189349112426035	0.301775147928994
13	0.380952380952381	0.18452380952381	0.196428571428571	0.238095238095238
14	0.319526627218935	0.195266272189349	0.201183431952663	0.284023668639053
15	0.321428571428571	0.154761904761905	0.261904761904762	0.261904761904762
16	0.263473053892216	0.233532934131737	0.251497005988024	0.251497005988024
17	0.261904761904762	0.0892857142857143	0.345238095238095	0.303571428571429
18	0.00523560209424084	0.879581151832461	0.0209424083769634	0.0942408376963351
19	0.746666666666667	0.12	0.08	0.0533333333333333
20	0.848484848484849	0.0	0.0151515151515152	0.136363636363636
21	0.0380434782608696	0.0434782608695652	0.00543478260869565	0.91304347826087
22	0.101851851851852	0.0509259259259259	0.0694444444444444	0.777777777777778
23	0.514970059880239	0.101796407185629	0.233532934131737	0.149700598802395
