Pos	A	C	G	T
1	0.266962060371088	0.159235668789809	0.313763500415397	0.260038770423705
2	0.153721098265896	0.0355852601156069	0.158598265895954	0.652095375722543
3	0.0430274753758424	0.0	0.0212545360290306	0.935717988595127
4	0.345302865433442	0.0	0.0	0.654697134566558
5	1.0	0.0	0.0	0.0
6	0.0	0.888287401574803	0.0	0.111712598425197
7	0.0293089540198978	0.0	0.970691045980102	0.0
8	0.973045822102426	0.00242587601078167	0.0161725067385445	0.00835579514824798
9	0.00893486950387961	0.567364213496355	0.142252527627557	0.281448389372208
10	0.182548476454294	0.363157894736842	0.286149584487535	0.16814404432133
