Pos	A	C	G	T
1	0.223948811700183	0.122181596587447	0.187081048141377	0.466788543570993
2	0.357155069242606	0.016755000854847	0.0649683706616516	0.561121559240896
3	0.0	0.0993413830954994	0.0	0.900658616904501
4	0.90016456390565	0.0	0.09983543609435	0.0
5	1.0	0.0	0.0	0.0
6	0.0	0.118689581095596	0.0	0.881310418904404
7	0.067589143161256	0.059073975518893	0.854177754124534	0.0191591271953167
8	0.618195517046525	0.0	0.381804482953475	0.0
9	0.00335161486898233	0.404936014625229	0.386654478976234	0.205057891529555
