Pos	A	C	G	T
1	0.197183098591549	0.15962441314554	0.352112676056338	0.291079812206573
2	0.922077922077922	0.0216450216450216	0.0303030303030303	0.025974025974026
3	0.946666666666667	0.00444444444444444	0.0311111111111111	0.0177777777777778
4	0.0560344827586207	0.021551724137931	0.00431034482758621	0.918103448275862
5	0.0549450549450549	0.0622710622710623	0.102564102564103	0.78021978021978
6	0.018018018018018	0.018018018018018	0.959459459459459	0.0045045045045045
7	0.127358490566038	0.334905660377358	0.273584905660377	0.264150943396226
8	0.169014084507042	0.23943661971831	0.258215962441315	0.333333333333333
9	0.174528301886792	0.30188679245283	0.283018867924528	0.240566037735849
10	0.258215962441315	0.169014084507042	0.276995305164319	0.295774647887324
11	0.271028037383178	0.158878504672897	0.271028037383178	0.299065420560748
12	0.286384976525822	0.286384976525822	0.117370892018779	0.309859154929577
13	0.311320754716981	0.254716981132075	0.193396226415094	0.240566037735849
14	0.253521126760563	0.276995305164319	0.305164319248826	0.164319248826291
15	0.309859154929577	0.28169014084507	0.23943661971831	0.169014084507042
16	0.267605633802817	0.262910798122066	0.31924882629108	0.150234741784038
17	0.00892857142857143	0.950892857142857	0.0178571428571429	0.0223214285714286
18	0.78021978021978	0.0952380952380952	0.043956043956044	0.0805860805860806
19	0.902542372881356	0.00847457627118644	0.0211864406779661	0.0677966101694915
20	0.0138888888888889	0.0	0.0	0.986111111111111
21	0.0217391304347826	0.0304347826086957	0.0217391304347826	0.926086956521739
22	0.292452830188679	0.349056603773585	0.179245283018868	0.179245283018868
