Pos	A	C	G	T
1	0.0299079239196183	0.00779622286443981	0.0	0.962295853215942
2	0.925084800516879	0.0	0.0749151994831207	0.0
3	1.0	0.0	0.0	0.0
4	0.00640146319158665	0.0569272976680384	0.00140440263897054	0.935266836501404
5	0.00937690897984117	0.305222968845449	0.115974343310935	0.569425778863775
6	0.31044838664618	0.1866531638497	0.192519905014667	0.310378544489454
7	0.565027755749405	0.115140608796438	0.308393826633319	0.0114378088208382
8	0.946300518819603	0.0	0.0502627143848518	0.00343676679554542
9	0.0	0.0	0.0	1.0
10	0.0	0.0782205626730187	0.0	0.921779437326981
11	0.964597298480817	0.0	0.00326742345134234	0.0321352780678411
