Pos	A	C	G	T
1	0.0904977375565611	0.0588235294117647	0.0588235294117647	0.791855203619909
2	0.930851063829787	0.00531914893617021	0.0372340425531915	0.0265957446808511
3	0.0	0.0427807486631016	0.0213903743315508	0.935828877005348
4	0.0796019900497512	0.0248756218905473	0.870646766169154	0.0248756218905473
5	0.0423728813559322	0.741525423728814	0.0423728813559322	0.173728813559322
6	0.337142857142857	0.171428571428571	0.234285714285714	0.257142857142857
7	0.346590909090909	0.221590909090909	0.136363636363636	0.295454545454545
8	0.251428571428571	0.251428571428571	0.251428571428571	0.245714285714286
9	0.159533073929961	0.066147859922179	0.680933852140078	0.0933852140077821
10	0.0982142857142857	0.78125	0.0714285714285714	0.0491071428571429
11	0.841346153846154	0.0528846153846154	0.0480769230769231	0.0576923076923077
12	0.0220994475138122	0.0	0.0110497237569061	0.966850828729282
13	0.638686131386861	0.138686131386861	0.105839416058394	0.116788321167883
