Pos	A	C	G	T
1	0.235150244584207	0.114605171208945	0.455276030747729	0.19496855345912
2	0.028028028028028	0.0	0.0166833500166833	0.955288621955289
3	0.0	0.0	0.0	1.0
4	0.0	0.00173973556019485	0.00208768267223382	0.996172581767571
5	0.0585333771785597	0.0	0.0	0.94146662282144
6	0.954969979986658	0.0	0.0	0.0450300200133422
7	0.0	0.0	0.0	1.0
8	0.0	0.0	0.325877089710384	0.674122910289616
9	0.538246594481313	0.0	0.461753405518687	0.0
10	0.0	1.0	0.0	0.0
11	0.131330771917569	0.461404121550821	0.122598672720922	0.284666433810688
