Pos	A	C	G	T
1	0.246935832732516	0.139509733237203	0.370583994232156	0.242970439798125
2	0.105779427359491	0.0527571580063627	0.106044538706257	0.73541887592789
3	0.0	0.0	0.00644699140401146	0.993553008595988
4	0.0106913756236636	0.000712758374910905	0.0	0.988595866001426
5	0.159485338120886	0.00867743865948534	0.00179533213644524	0.830041891083184
6	0.946757679180887	0.0	0.0	0.0532423208191126
7	0.0	0.00537827178200072	0.0	0.994621728217999
8	0.0173933762211103	0.00476530855372885	0.316893018822969	0.660948296402192
9	0.59740727403673	0.00108030248469571	0.401512423478574	0.0
10	0.0459016393442623	0.82682563338301	0.0605067064083458	0.0667660208643815
11	0.11963963963964	0.488648648648649	0.181261261261261	0.21045045045045
