Pos	A	C	G	T
1	0.257352941176471	0.0955882352941176	0.389705882352941	0.257352941176471
2	0.0858208955223881	0.126865671641791	0.130597014925373	0.656716417910448
3	0.017632241813602	0.0554156171284635	0.886649874055416	0.0403022670025189
4	0.780487804878049	0.0110864745011086	0.139689578713969	0.0687361419068736
5	0.0274725274725275	0.0970695970695971	0.230769230769231	0.644688644688645
6	0.0170357751277683	0.0630323679727428	0.320272572402044	0.599659284497445
7	0.0	0.0755208333333333	0.916666666666667	0.0078125
8	0.752136752136752	0.0384615384615385	0.132478632478632	0.0769230769230769
9	0.0	0.659217877094972	0.0167597765363128	0.324022346368715
10	0.111922141119221	0.0608272506082725	0.744525547445255	0.0827250608272506
