Pos	A	C	G	T
1	0.255199855308374	0.123078314342557	0.510218846084283	0.111502984264786
2	0.227867689728545	0.0591914372299955	0.71294087304146	0.0
3	0.0	0.00387387387387387	0.0	0.996126126126126
4	0.0	1.0	0.0	0.0
5	0.230603298309095	0.0	0.769396701690905	0.0
6	0.0	9.04322662325918e-05	0.0	0.999909567733767
7	0.902243982048144	0.0	0.0	0.0977560179518564
8	0.999819151822045	0.0	0.000180848177954607	0.0
9	0.994960856654369	0.0	0.0	0.00503914334563124
10	0.713538977800723	0.0995740836344863	0.0486577181208054	0.138229220443986
11	0.275391154924482	0.319435651623406	0.114226281993307	0.290946911458804
