Pos	A	C	G	T
1	0.229093549558272	0.146072854895316	0.327483964661745	0.297349630884667
2	0.0451971584474416	0.0402553279110471	0.0638319777617626	0.850715535879749
3	0.0	0.0	0.000846432889963724	0.999153567110036
4	0.0	0.0	0.0	1.0
5	0.108052677029361	0.0	0.0	0.891947322970639
6	0.985685315519504	0.0	0.0	0.0143146844804962
7	0.0	0.0073282075925036	0.0	0.992671792407496
8	0.00879812737105497	0.00968601178464767	0.314553232706433	0.666962628137864
9	0.610204328376254	0.00108813928182807	0.388707532341918	0.0
10	0.0079196876742889	0.921695482431679	0.0138315672058003	0.056553262688232
11	0.101912369886226	0.604696199467441	0.0982812878237715	0.195110142822561
