Pos	A	C	G	T
1	0.0	0.0	0.0	1.0
2	0.998718277364778	0.00128172263522174	0.0	0.0
3	0.996546873001663	0.00115104233277913	0.00166261670290318	0.000639467962655071
4	0.0	0.0	0.0	1.0
5	0.0	0.30656485869756	0.00956643847639108	0.683868702826049
6	0.319962467745719	0.0	0.593830635702557	0.0862068965517241
7	0.213249116474923	0.585908714940973	0.176930596285435	0.0239115722986691
8	0.460051278497679	0.0	0.539948721502321	0.0
9	0.00280504908835905	0.00255004462578095	0.00114752008160143	0.993497386204259
10	0.0	0.0	0.000384862091084028	0.999615137908916
11	1.0	0.0	0.0	0.0
