Pos	A	C	G	T
1	0.0627386797599564	0.0338243316966721	0.0	0.903436988543372
2	0.981624184943687	0.0	0.00474214582098399	0.013633669235329
3	0.993699369936994	0.0	0.0021002100210021	0.0042004200420042
4	0.0645616013532563	0.338032139836482	0.00169157034113335	0.595714688469129
5	0.193295077016007	0.336756266988825	0.243430987617034	0.226517668378134
6	0.241497807797132	0.0252399573409172	0.340798672828534	0.392463562033416
7	0.0902079925216172	0.774012619770975	0.0628651554101426	0.0729142322972657
8	0.428275504919731	0.0	0.571724495080269	0.0
9	0.00301023479831427	0.0	0.0	0.996989765201686
10	0.0	0.0	0.0	1.0
11	0.95419187554019	0.0	0.0	0.0458081244598099
