Pos	A	C	G	T
1	0.333027312370897	0.323158136332339	0.153201744319486	0.190612806977278
2	0.176300984528833	0.0917018284106892	0.119268635724332	0.612728551336146
3	0.951408604498799	0.0147412098711509	0.0212928587027735	0.0125573269272767
4	0.985744993777577	0.00701436814119244	0.00373345401063469	0.00350718407059622
5	0.00295760762405521	0.0314382736334757	0.0111731843575419	0.954430934384927
6	0.00193652501344809	0.937385691231845	0.0257127487896719	0.034965034965035
7	0.729864253393665	0.0117647058823529	0.255882352941176	0.00248868778280543
8	0.975263040071636	0.00414148197895679	0.0152227445713006	0.00537273337810611
9	0.00171213331811437	0.00319598219381349	0.000570711106038123	0.994521173382034
10	0.00709927897947865	0.0166389351081531	0.00976150859678314	0.966500277315585
11	0.741468811165007	0.0833971576887073	0.0426346693898392	0.132499361756446
12	0.232640881441524	0.177091702054401	0.315620337426833	0.274647079077241
