Pos	A	C	G	T
1	0.292307692307692	0.253846153846154	0.176923076923077	0.276923076923077
2	0.817610062893082	0.0440251572327044	0.106918238993711	0.0314465408805031
3	0.977443609022556	0.0	0.0225563909774436	0.0
4	0.0422535211267606	0.0	0.0422535211267606	0.915492957746479
5	0.0	0.104575163398693	0.0457516339869281	0.849673202614379
6	0.921985815602837	0.0567375886524823	0.0212765957446809	0.0
7	0.169230769230769	0.276923076923077	0.392307692307692	0.161538461538462
8	0.206106870229008	0.221374045801527	0.33587786259542	0.236641221374046
9	0.315384615384615	0.253846153846154	0.284615384615385	0.146153846153846
10	0.230769230769231	0.292307692307692	0.223076923076923	0.253846153846154
11	0.253846153846154	0.276923076923077	0.184615384615385	0.284615384615385
12	0.161538461538462	0.276923076923077	0.3	0.261538461538462
13	0.248062015503876	0.286821705426357	0.348837209302326	0.116279069767442
14	0.146153846153846	0.423076923076923	0.184615384615385	0.246153846153846
15	0.0	0.119205298013245	0.0198675496688742	0.860927152317881
16	1.0	0.0	0.0	0.0
17	0.866666666666667	0.02	0.0333333333333333	0.08
18	0.0510948905109489	0.0	0.0	0.948905109489051
19	0.0	0.13953488372093	0.104651162790698	0.755813953488372
20	0.348837209302326	0.147286821705426	0.263565891472868	0.24031007751938
