Pos	A	C	G	T
1	0.328395061728395	0.214814814814815	0.232921810699588	0.223868312757202
2	0.156211051100956	0.20315745741587	0.135853759867054	0.50477773161612
3	0.191529709228824	0.034134007585335	0.768015170670038	0.00632111251580278
4	0.0763983628922237	0.828785811732606	0.0416098226466576	0.053206002728513
5	0.546804680468047	0.153915391539154	0.22007200720072	0.0792079207920792
6	0.0242976461655277	0.0516324981017464	0.00151860288534548	0.92255125284738
7	0.743574051407589	0.0611995104039168	0.152386780905753	0.0428396572827417
8	0.611167002012072	0.0955734406438632	0.0975855130784708	0.195674044265594
9	0.0809739524348811	0.113816534541336	0.117214043035108	0.687995469988675
10	0.110455764075067	0.238069705093834	0.305630026809651	0.345844504021448
11	0.417956656346749	0.214654282765738	0.158926728586171	0.208462332301342
12	0.226151315789474	0.268092105263158	0.355263157894737	0.150493421052632
