Pos	A	C	G	T
1	0.308836789900812	0.315148782687105	0.200631199278629	0.175383228133454
2	0.177789229580005	0.0829683071373357	0.167740273125483	0.571502190157176
3	0.926870037609695	0.0208942749686586	0.0330129544504806	0.0192227329711659
4	0.984028393966282	0.00842945874001775	0.00532386867790594	0.00221827861579414
5	0.00595744680851064	0.0395744680851064	0.0106382978723404	0.943829787234043
6	0.0	0.958927799394725	0.0203199308257674	0.0207522697795071
7	0.511180679785331	0.00805008944543828	0.480769230769231	0.0
8	0.990620812862885	0.0	0.00759267530147387	0.00178651183564091
9	0.0	0.00312360553324409	0.0071396697902722	0.989736724676484
10	0.0017474879860201	0.0218435998252512	0.00742682394058541	0.968982088248143
11	0.648917495611469	0.165301345816267	0.0555880631948508	0.130193095377414
12	0.201983769161407	0.186203787195672	0.321911632100992	0.28990081154193
