Pos	A	C	G	T
1	0.207525655644242	0.269099201824401	0.312428734321551	0.210946408209806
2	0.0502369668246445	0.0928909952606635	0.0265402843601896	0.830331753554502
3	0.631123919308357	0.0914985590778098	0.126801152737752	0.150576368876081
4	0.944983818770227	0.029126213592233	0.0258899676375405	0.0
5	0.0822538860103627	0.27720207253886	0.0731865284974093	0.567357512953368
6	0.12884834663626	0.0524515393386545	0.586088939566705	0.232611174458381
7	0.196088794926004	0.291754756871036	0.049154334038055	0.463002114164905
8	0.970099667774086	0.00775193798449612	0.0221483942414175	0.0
9	0.0427661510464058	0.141947224749773	0.0181983621474067	0.797088262056415
10	0.0	0.0	0.926984126984127	0.073015873015873
11	0.0	0.827195467422096	0.0812086874409821	0.0915958451369216
12	0.530216647662486	0.0467502850627138	0.234891676168757	0.188141391106043
