Pos	A	C	G	T
1	0.172106824925816	0.275964391691395	0.166666666666667	0.385262116716123
2	0.128761371588523	0.358642407277817	0.348845346396081	0.163750874737579
3	0.0048780487804878	0.00221729490022173	0.897117516629712	0.0957871396895787
4	0.125311203319502	0.0298755186721992	0.00539419087136929	0.839419087136929
5	0.029045643153527	0.763108261033572	0.010184835910977	0.197661259901924
6	0.746494464944649	0.0047970479704797	0.245018450184502	0.003690036900369
7	0.00259067357512953	0.873488773747841	0.00129533678756477	0.122625215889465
8	0.0291308500477555	0.00238777459407832	0.966093600764088	0.00238777459407832
9	0.00147856086742238	0.675702316412026	0.32134056185313	0.00147856086742238
10	0.150271873455264	0.26890756302521	0.0627780523974296	0.518042511122096
11	0.415719228868018	0.113692535837865	0.0855165595650025	0.385071675729115
12	0.647982062780269	0.0422805893657912	0.264253683536195	0.045483664317745
13	0.0314494074749316	0.0223336371923428	0.0241567912488605	0.922060164083865
14	0.0496150556030796	0.0637296834901625	0.0213857998289136	0.865269461077844
15	0.779576107899807	0.0373795761078998	0.0489402697495183	0.134104046242775
16	0.31586752347998	0.179436480474543	0.277805239742956	0.226890756302521
