Pos	A	C	G	T
1	0.170087976539589	0.0997067448680352	0.30791788856305	0.422287390029326
2	0.202365308804205	0.448094612352168	0.250985545335085	0.0985545335085414
3	0.654510556621881	0.130518234165067	0.214971209213052	0.0
4	0.0561797752808989	0.0561797752808989	0.121348314606742	0.766292134831461
5	0.0506329113924051	0.20253164556962	0.0274261603375527	0.719409282700422
6	0.6875	0.0201612903225806	0.0221774193548387	0.270161290322581
7	0.0529411764705882	0.273529411764706	0.344117647058824	0.329411764705882
8	0.0175953079178886	0.486803519061584	0.43108504398827	0.0645161290322581
9	0.416422287390029	0.258064516129032	0.161290322580645	0.164222873900293
10	0.225	0.0645833333333333	0.0	0.710416666666667
11	0.789351851851852	0.0648148148148148	0.0648148148148148	0.0810185185185185
12	0.8525	0.135	0.0	0.0125
13	0.0350515463917526	0.220618556701031	0.0412371134020619	0.703092783505155
14	0.0997442455242967	0.217391304347826	0.436061381074169	0.246803069053708
15	0.327485380116959	0.327485380116959	0.210526315789474	0.134502923976608
