Pos	A	C	G	T
1	0.354319180087848	0.0885797950219619	0.0351390922401171	0.521961932650073
2	0.214711729622266	0.0959244532803181	0.0104373757455268	0.678926441351889
3	0.220044792833147	0.00167973124300112	0.764837625979843	0.013437849944009
4	0.0830586684245221	0.900461437046803	0.00988793671720501	0.00659195781147001
5	0.862918509159823	0.018319646241314	0.104232469993683	0.01452937460518
6	0.0336307481125601	0.0288263555250515	0.0	0.937542896362389
7	0.911274182788526	0.0120080053368913	0.0580386924616411	0.018679119412942
8	0.728144989339019	0.0884861407249467	0.0239872068230277	0.159381663113006
9	0.067032967032967	0.117582417582418	0.0648351648351648	0.750549450549451
10	0.106996686805691	0.175404404599493	0.266224907425453	0.451374001169363
11	0.438382541720154	0.214377406931964	0.108793324775353	0.238446726572529
12	0.158241758241758	0.208791208791209	0.421245421245421	0.211721611721612
