Pos	A	C	G	T
1	0.249699879951981	0.14453781512605	0.311084433773509	0.294677871148459
2	0.0772890526610383	0.256961612015486	0.0829329726199916	0.582816362703484
3	0.991824099063343	0.0	0.00817590093665661	0.0
4	0.0101381234265496	0.113968837177655	0.0257195345988977	0.850173504796897
5	0.0	0.000467435338111561	0.973434091617326	0.0260984730445622
6	0.0179437986683219	0.705055862769439	0.112233382236768	0.164766956325471
7	0.564430329495832	0.003652242953553	0.00428741564112743	0.427630011909488
8	0.780888694456596	0.025935879007562	0.120867445784638	0.0723079807512031
9	0.977011494252874	0.00531706935647822	0.011572445069982	0.0060989913206662
10	0.0774834437086093	0.054425045153522	0.115833835039133	0.752257676098736
11	0.14077631052421	0.221848739495798	0.370068027210884	0.267306922769108
