Pos	A	C	G	T
1	0.149652270971066	0.310637932514811	0.141066369022066	0.398643427492058
2	0.0850367947669665	0.451008449168711	0.342532025074952	0.12142273098937
3	0.0	0.000167757087736957	0.976933400436168	0.0228988424760946
4	0.0411624269366922	0.0	0.0	0.958837573063308
5	0.0	0.89324334688243	0.00191732494823223	0.104839328169338
6	0.973910862112217	0.0	0.0260891378877833	0.0
7	0.0	0.981378496798113	0.000505561172901921	0.0181159420289855
8	0.0	0.000514712190100369	0.999142146349833	0.000343141460066913
9	0.0	0.710740963338199	0.289259036661801	0.0
10	0.129732978449386	0.266248819438482	0.034343607795999	0.569674594316133
11	0.388168627114278	0.113505623765777	0.0516012707134885	0.446724478406457
12	0.824720611713301	0.00915889421057054	0.153936643979498	0.0121838500966305
13	0.0107130900569133	0.00610980917308336	0.00836960160696351	0.97480749916304
14	0.0107349298100743	0.0208918249380677	0.00660611065235343	0.961767134599505
15	0.930122983548954	0.00551030186871107	0.0104615876058138	0.0539051269765213
16	0.307117712715721	0.160298789387825	0.303425774877651	0.229157723018803
