Pos	A	C	G	T
1	0.205053449951409	0.3022351797862	0.345966958211856	0.146744412050535
2	0.225242718446602	0.295145631067961	0.150485436893204	0.329126213592233
3	0.0593424218123496	0.0986367281475541	0.0160384923817161	0.82598235765838
4	0.690811535881958	0.141515761234071	0.0	0.16767270288397
5	0.969868173258004	0.0	0.0	0.0301318267419962
6	0.0307955517536356	0.0376390076988879	0.0504704875962361	0.88109495295124
7	0.0914489311163895	0.0611638954869359	0.235748218527316	0.611638954869359
8	0.663659793814433	0.0	0.336340206185567	0.0
9	0.0983498349834983	0.67986798679868	0.127392739273927	0.0943894389438944
10	0.189320388349515	0.381553398058252	0.233980582524272	0.195145631067961
