Pos	A	C	G	T
1	0.19456549602666	0.092155857472443	0.220071776467572	0.493206870033325
2	0.11289966923925	0.469900771775083	0.0269018743109151	0.390297684674752
3	0.641295413447312	0.133979944106526	0.161269110636199	0.0634555318099622
4	0.0120003967073292	0.773777645542001	0.00624814043439453	0.207973817316275
5	0.0773286467486819	0.00843585237258348	0.914118336262449	0.000117164616285882
6	0.0106317093311313	0.80532617671346	0.172997522708505	0.0110445912469034
7	0.486926429120738	0.127146885413996	0.108690079466803	0.277236605998462
8	0.0467847516365037	0.196958028494417	0.0051983057373893	0.75105891413169
9	0.0196415418610361	0.378467959734839	0.579302725263933	0.0225877731401915
10	0.72516033088577	0.0322520680360628	0.230132911980667	0.0124546890974998
11	0.263684143058582	0.318164337905397	0.241379310344828	0.176772208691193
12	0.0413507109004739	0.444431279620853	0.0343601895734597	0.479857819905213
13	0.213247311827957	0.0148817204301075	0.671139784946237	0.100731182795699
14	0.364778261984107	0.452704434760318	0.157011022814663	0.0255062804409126
15	0.468213278646501	0.170084593693925	0.183029992309664	0.17867213534991
16	0.0482960956894606	0.615662378695554	0.0713157300835026	0.264725795531483
17	0.39430842199718	0.19164209716703	0.209332136905525	0.204717343930265
