Pos	A	C	G	T
1	0.112002054559982	0.179517178404292	0.0391793174295172	0.669301449606209
2	0.585614394133197	0.0	0.414385605866803	0.0
3	0.998127579897017	0.00187242010298311	0.0	0.0
4	0.0404938827591383	0.346581100352773	0.079261427606395	0.533663589281693
5	0.0	0.349101746138348	0.212642713230356	0.438255540631296
6	0.00317584131936706	0.27613104524181	0.0672776911076443	0.653415422331179
7	0.959343940447462	0.0406560595525379	0.0	0.0
8	1.0	0.0	0.0	0.0
9	0.0	0.000298354786463217	0.0	0.999701645213537
10	0.0	1.0	0.0	0.0
11	0.909707947096924	0.0	0.0804406003956095	0.00985145250746616
