Pos	A	C	G	T
1	0.15092936802974	0.382899628252788	0.160594795539033	0.305576208178439
2	0.0690080098582871	0.542205791743685	0.285890326555761	0.102895871842267
3	0.000678886625933469	0.00135777325186694	0.912423625254583	0.0855397148676171
4	0.112422360248447	0.0490683229813665	0.00372670807453416	0.834782608695652
5	0.00549115314215985	0.820012202562538	0.014032946918853	0.160463697376449
6	0.983174835405998	0.00146305779078274	0.013899049012436	0.00146305779078274
7	0.00833333333333333	0.861538461538462	0.00128205128205128	0.128846153846154
8	0.106905710491368	0.000664010624169987	0.892430278884462	0.0
9	0.00221729490022173	0.617886178861789	0.375461936437546	0.00443458980044346
10	0.146577380952381	0.308035714285714	0.0944940476190476	0.450892857142857
11	0.380669144981413	0.169516728624535	0.102602230483271	0.347211895910781
12	0.694573643410853	0.0785529715762274	0.182428940568475	0.0444444444444444
13	0.0342231348391513	0.0294318959616701	0.0164271047227926	0.919917864476386
14	0.0513296227581942	0.0853432282003711	0.0321583178726036	0.831168831168831
15	0.775533756491633	0.0380842469705713	0.0623196768609348	0.124062319676861
16	0.28996282527881	0.242379182156134	0.269888475836431	0.197769516728625
