Pos	A	C	G	T
1	0.164251207729469	0.454106280193237	0.178743961352657	0.202898550724638
2	0.302884615384615	0.206730769230769	0.427884615384615	0.0625
3	0.726315789473684	0.0421052631578947	0.136842105263158	0.0947368421052632
4	0.0444444444444444	0.00444444444444444	0.0311111111111111	0.92
5	0.021551724137931	0.0689655172413793	0.0172413793103448	0.892241379310345
6	0.48314606741573	0.292134831460674	0.164794007490637	0.0599250936329588
7	0.0448430493273543	0.0	0.928251121076233	0.0269058295964126
8	0.0375	0.0666666666666667	0.0333333333333333	0.8625
9	0.0629370629370629	0.723776223776224	0.0244755244755245	0.188811188811189
10	0.739285714285714	0.0	0.242857142857143	0.0178571428571429
11	0.0281124497991968	0.831325301204819	0.0120481927710843	0.1285140562249
12	0.0502283105022831	0.0045662100456621	0.945205479452055	0.0
13	0.0	0.474178403755869	0.497652582159624	0.028169014084507
14	0.127118644067797	0.209039548022599	0.0790960451977401	0.584745762711864
15	0.256038647342995	0.193236714975845	0.202898550724638	0.347826086956522
