Pos	A	C	G	T
1	0.300813008130081	0.211382113821138	0.357723577235772	0.130081300813008
2	0.527896995708155	0.0987124463519313	0.145922746781116	0.227467811158798
3	0.0	0.642276422764228	0.357723577235772	0.0
4	0.0482758620689655	0.848275862068966	0.0	0.103448275862069
5	0.0	0.00775193798449612	0.953488372093023	0.0387596899224806
6	0.028169014084507	0.0492957746478873	0.0563380281690141	0.866197183098592
7	0.153374233128834	0.0674846625766871	0.754601226993865	0.0245398773006135
8	0.86013986013986	0.034965034965035	0.0769230769230769	0.027972027972028
9	0.0078740157480315	0.968503937007874	0.0236220472440945	0.0
10	0.0	0.0955882352941176	0.801470588235294	0.102941176470588
11	0.911111111111111	0.0296296296296296	0.0592592592592593	0.0
12	0.984	0.016	0.0	0.0
13	0.0	0.0555555555555556	0.0902777777777778	0.854166666666667
14	0.032520325203252	0.504065040650406	0.0894308943089431	0.373983739837398
15	0.290322580645161	0.161290322580645	0.548387096774194	0.0
