Pos	A	C	G	T
1	0.350877192982456	0.164912280701754	0.259649122807018	0.224561403508772
2	0.172413793103448	0.245977011494253	0.172413793103448	0.409195402298851
3	0.801120448179272	0.0112044817927171	0.117647058823529	0.0700280112044818
4	0.0366666666666667	0.01	0.0	0.953333333333333
5	0.19910514541387	0.0313199105145414	0.639821029082774	0.129753914988814
6	0.133333333333333	0.706172839506173	0.0419753086419753	0.118518518518519
7	0.172131147540984	0.0	0.781420765027322	0.046448087431694
8	0.186147186147186	0.619047619047619	0.0952380952380952	0.0995670995670996
9	0.785714285714286	0.0989010989010989	0.0631868131868132	0.0521978021978022
10	0.0714285714285714	0.177339901477833	0.0467980295566502	0.704433497536946
11	0.564179104477612	0.0507462686567164	0.28955223880597	0.0955223880597015
12	0.263157894736842	0.305263157894737	0.087719298245614	0.343859649122807
