Pos	A	C	G	T
1	0.167442497261774	0.312157721796276	0.164293537787514	0.356106243154436
2	0.0482429288600465	0.617362556630342	0.277090730990572	0.05730378351904
3	0.0	0.0	0.994960501225824	0.00503949877417597
4	0.0287005049162902	0.00066436353972894	0.0	0.970635131543981
5	0.0	0.910507291536832	0.00348996634675308	0.0860027421164153
6	1.0	0.0	0.0	0.0
7	0.0	0.944408532643827	0.0	0.0555914673561732
8	0.0172135556750941	0.000268961807423346	0.982383001613771	0.000134480903711673
9	0.000136873802354229	0.648918696961402	0.350944429236244	0.0
10	0.141390637831919	0.266082671776622	0.0695318915959485	0.522994798795511
11	0.323525386615574	0.136991925550842	0.0741754482003558	0.465307239633228
12	0.76251485933166	0.022718267071721	0.202351076476027	0.0124157971205917
13	0.00618196478967881	0.00255342023921516	0.00954172826233033	0.981722886708776
14	0.0155427103403982	0.0384071933204881	0.00770712909441233	0.938342967244701
15	0.900184842883549	0.00862600123228589	0.0178681454097351	0.0733210104744301
16	0.269367643033123	0.229537366548043	0.287571858746236	0.213523131672598
