Pos	A	C	G	T
1	0.0354492992580379	0.964550700741962	0.0	0.0
2	0.0	0.617094017094017	0.0	0.382905982905983
3	0.627368421052632	0.0863157894736842	0.0926315789473684	0.193684210526316
4	0.537897310513447	0.0464547677261614	0.0	0.415647921760391
5	0.811936155447606	0.00416377515614157	0.0	0.183900069396253
6	0.225742574257426	0.00198019801980198	0.0	0.772277227722772
7	0.399186991869919	0.0398373983739837	0.00894308943089431	0.552032520325203
8	0.283482142857143	0.0550595238095238	0.0736607142857143	0.587797619047619
9	0.0441176470588235	0.0	0.955882352941177	0.0
10	0.0	0.0	0.975	0.025
