Pos	A	C	G	T
1	0.431415072418868	0.0391139338548524	0.476338006351173	0.0531329873751065
2	0.0	0.00809654750992973	0.986098380690498	0.00580507179957226
3	0.910437235543018	0.0279971791255289	0.00197461212976023	0.0595909732016925
4	0.819890765908802	0.0168931792201194	0.0165121300647784	0.1467039248063
5	0.0981485785111163	0.437291811914168	0.142613680378031	0.321945929196684
6	0.289155693261038	0.144074360960496	0.487529047250194	0.0792408985282727
7	0.189349112426035	0.0305817564004921	0.0237272247934853	0.756341906379987
8	0.147296587926509	0.000997375328083989	0.174015748031496	0.677690288713911
9	0.00246286461941045	0.993611944893404	0.00292465173554991	0.0010005387516355
10	0.00562652068126521	0.428756082725061	0.0127737226277372	0.552843673965937
11	0.528716345053772	0.0123560369155671	0.4560292883838	0.00289832964686141
12	0.00440857804677576	0.0139729507584249	0.964656653963984	0.0169618172308152
13	0.70782389385383	0.158890290037831	0.00833379022972751	0.124952025878612
14	0.615113398132266	0.0916714312940728	0.0729940918620164	0.220221078711645
15	0.198125629308342	0.318488110913175	0.242661296568817	0.240724963209666
