Pos	A	C	G	T
1	0.350350105845953	0.0770639960918417	0.397329425175053	0.175256472887152
2	0.178518978761862	0.027705603253502	0.100033890646182	0.693741527338455
3	0.0131609778958057	0.0115597906740608	0.0159728188705772	0.959306412559556
4	0.0659145104459551	0.874257038117949	0.0596860874826494	0.000142363953446987
5	0.000681482603263544	0.0310831787377428	0.929996592586984	0.03823874607201
6	0.990124551574026	0.000765851102422508	0.00290217259865371	0.00620742472489822
7	0.856784094872689	0.00816184164632019	0.0242762469480293	0.110777816532961
8	0.252483308907344	0.393991206643869	0.0613906529881127	0.292134831460674
9	0.0742987420103408	0.420266254122053	0.424500264625656	0.0809347392419493
10	0.287331053574336	0.055854095424198	0.390530858166422	0.266283992835043
11	0.111467410247473	0.02345765074939	0.00888811432554897	0.856186824677588
12	0.00645317415503751	0.00241994030813907	0.000403323384689844	0.990723562152134
13	0.038557779799818	0.93130118289354	0.0298377312708523	0.000303306035790112
14	0.00042693990820792	0.0604119970114206	0.873945992101612	0.0652150709787597
15	0.958744779672925	0.016705046641427	0.0108895047031732	0.0136606689824753
16	0.697682344921609	0.103300386275846	0.0260168143603726	0.173000454442172
17	0.176240687212474	0.397549159304645	0.0771892684118389	0.349020885071042
