Pos	A	C	G	T
1	0.427013630731103	0.271871127633209	0.107806691449814	0.193308550185874
2	0.044838145231846	0.147856517935258	0.719597550306212	0.0877077865266842
3	0.125676238035789	0.00707449022055764	0.82896379525593	0.0382854764877237
4	0.833368801872739	0.0025537348371994	0.1413066609917	0.0227708022983614
5	0.794275876909834	0.00193673337637185	0.118786313750807	0.0850010759629869
6	0.8625	0.00334821428571429	0.0129464285714286	0.121205357142857
7	0.112983151635282	0.203666997026759	0.454410307234886	0.228939544103072
8	0.0520542481053051	0.184483446350219	0.585759872357399	0.177702433187076
9	0.07818052594172	0.0	0.920634920634921	0.00118455342335939
10	0.881161377447671	0.00180058519018681	0.0945307224848076	0.0225073148773351
11	0.953372781065089	0.0	0.00307692307692308	0.0435502958579882
12	0.930798299480397	0.000472366556447804	0.0	0.0687293339631554
13	0.044954128440367	0.517660550458716	0.390596330275229	0.0467889908256881
14	0.0609087348217783	0.261652957305131	0.41108499804152	0.266353309831571
15	0.128789605653066	0.000227946204695692	0.86984271711876	0.00113973102347846
16	0.888010837660872	0.0724768570783473	0.0349966132309776	0.00451569202980357
17	0.869034406215316	0.0153163152053274	0.00599334073251942	0.109655937846837
18	0.912007332722273	0.0293308890925756	0.000916590284142988	0.0577451879010083
19	0.0548656581621133	0.627906976744186	0.251749830661549	0.0654775344321517
20	0.34217046580773	0.129583746283449	0.214321110009911	0.31392467789891
