Pos	A	C	G	T
1	0.380995475113122	0.0959276018099548	0.330316742081448	0.192760180995475
2	0.159868421052632	0.0296052631578947	0.0835526315789474	0.726973684210526
3	0.00440140845070423	0.00528169014084507	0.0176056338028169	0.972711267605634
4	0.107443820224719	0.775983146067416	0.116573033707865	0.0
5	0.000759878419452888	0.0714285714285714	0.839665653495441	0.088145896656535
6	0.966754155730534	0.0139982502187227	0.0	0.0192475940507437
7	0.803052325581395	0.0319767441860465	0.0356104651162791	0.129360465116279
8	0.181735985533454	0.376130198915009	0.04249547920434	0.399638336347197
9	0.109502262443439	0.397285067873303	0.403619909502262	0.0895927601809955
10	0.389140271493213	0.0443438914027149	0.338461538461538	0.228054298642534
11	0.133189344852412	0.0439164866810655	0.02735781137509	0.795536357091433
12	0.0106761565836299	0.0	0.00622775800711744	0.983096085409253
13	0.100449775112444	0.828335832083958	0.0704647676161919	0.000749625187406297
14	0.00219298245614035	0.0964912280701754	0.807748538011696	0.0935672514619883
15	0.960034752389227	0.0112945264986968	0.0104257167680278	0.0182450043440487
16	0.706521739130435	0.0997442455242967	0.0166240409207161	0.177109974424552
17	0.190777576853526	0.332730560578662	0.0886075949367089	0.387884267631103
