Pos	A	C	G	T
1	0.254014823965411	0.248919085855466	0.152408894379246	0.344657195799876
2	0.0508198942946199	0.369426751592357	0.0718254506030628	0.507927903509961
3	0.308928019771393	0.118782823602101	0.396818041396355	0.175471115230151
4	0.0382673398883869	0.860217911241031	0.00146159978740367	0.100053149083178
5	0.00277008310249307	0.000615574022776239	0.996306555863343	0.000307787011388119
6	0.104710595386103	0.894322420223788	0.000414421881475342	0.000552562508633789
7	0.948849479701011	0.0233035321705994	0.0052762714348527	0.0225707166935366
8	0.0012326656394453	0.0012326656394453	0.0	0.997534668721109
9	0.995234435049962	0.000922367409684858	0.000768639508070715	0.00307455803228286
10	0.875574790370571	0.0313767919935082	0.0093318907222072	0.0837165269137138
11	0.0175515577007459	0.0292525961679099	0.00628930817610063	0.946906537955243
12	0.0301072110442062	0.011161697752974	0.00793067998237627	0.950800411220444
13	0.92644533485976	0.00529479107040641	0.0143102461362335	0.0539496279336005
14	0.686487248133014	0.0336762012117796	0.225870085951811	0.0539664647033958
15	0.0940685820203892	0.312789620018536	0.158016682113068	0.435125115848007
