Pos	A	C	G	T
1	0.384564425306393	0.184240550587023	0.262522542416547	0.168672481690037
2	0.115911544103402	0.456394785641139	0.132074949489358	0.295618720766101
3	0.0633075375856544	0.00334094705621655	0.926294616984284	0.00705689837384516
4	0.972964262694263	0.0177254171739597	0.00680369548091384	0.00250662465086299
5	0.959868583742537	0.000247288656516056	0.00367400289680998	0.0362101247041368
6	0.982250018075338	0.00180753380088208	0.000506109464246981	0.0154363386595329
7	0.0462245885769603	0.651707924215185	0.287684967501037	0.0143825197068179
8	0.0330904354560496	0.401907980427359	0.0104199669095645	0.554581617207026
9	0.0463723715359978	0.00121849324606601	0.945933713967414	0.00647542125052221
10	0.943339235496302	0.0485713293754123	0.00371489080998507	0.00437454431830018
11	0.873272481840972	0.00196053223629234	0.00697435238156457	0.117792633541171
12	0.956052076002815	0.0116467276565799	0.00158339197748065	0.0307178043631246
13	0.0188376014332385	0.715855200758773	0.253240594372431	0.012066603435557
14	0.103979380147105	0.347048469227384	0.0419626579493305	0.50700949267618
15	0.306098413749954	0.187221670163041	0.229325383681131	0.277354532405874
