Pos	A	C	G	T
1	0.282715185444367	0.31000699790063	0.269419174247726	0.137858642407278
2	0.106925880923451	0.564398541919806	0.0249088699878493	0.303766707168894
3	0.118568232662192	0.0430648769574944	0.799217002237136	0.0391498881431767
4	0.852116875372689	0.0649970184853906	0.0405485986881336	0.0423375074537865
5	0.702902115100836	0.0275454992621741	0.058042302016724	0.211510083620266
6	0.978097193702943	0.0102669404517454	0.00684462696783025	0.00479123887748118
7	0.0595533498759305	0.709181141439206	0.208436724565757	0.0228287841191067
8	0.129141886151232	0.607051826677995	0.016142735768904	0.247663551401869
9	0.229011689691817	0.00584484590860786	0.759298618490967	0.00584484590860786
10	0.8831891223733	0.0624227441285538	0.0414091470951792	0.0129789864029666
11	0.642247191011236	0.0125842696629213	0.0826966292134831	0.26247191011236
12	0.962289562289562	0.0107744107744108	0.00740740740740741	0.0195286195286195
13	0.0632271117855336	0.722812341932221	0.182094081942337	0.031866464339909
14	0.154633620689655	0.35614224137931	0.0754310344827586	0.413793103448276
