Pos	A	C	G	T
1	0.376226028399941	0.0796369492021666	0.474161908944518	0.0699751134533743
2	0.442958872256939	0.004941142275832	0.549774742043308	0.00232524342392094
3	0.00058411214953271	0.00146028037383178	0.997517523364486	0.000438084112149533
4	0.0161568004237849	0.00172162627466561	0.904648390941597	0.0774731823599523
5	0.0097926267281106	0.0115207373271889	0.191705069124424	0.786981566820277
6	0.00154798761609907	0.961300309597523	0.00295524908528005	0.0341964537010977
7	0.938969072164948	0.00013745704467354	0.0597938144329897	0.00109965635738832
8	0.988710377768129	0.000434216239687364	0.00506585612968592	0.00578954986249819
9	0.960624384756012	0.00506257910279848	0.0247503867247926	0.00956264941639713
10	0.000291757840991977	0.000729394602479942	0.996498905908096	0.0024799416484318
11	0.0	0.00014573010784028	0.00437190323520839	0.995482366656951
12	0.0239024390243902	0.833048780487805	0.0420731707317073	0.100975609756098
13	0.00115025161754134	0.982171099928109	0.000575125808770669	0.0161035226455787
14	0.709501221791002	0.00373724306453931	0.272531263475636	0.0142302716688228
15	0.294100424535207	0.305958132045089	0.139803835456009	0.260137607963695
