Pos	A	C	G	T
1	0.425692695214106	0.0371867957046268	0.474413363383269	0.0627071456979981
2	0.00565632923737078	0.00637149730186594	0.980885508094402	0.00708666536636109
3	0.909951749095296	0.0302774427020507	0.00820265379975875	0.0515681544028951
4	0.849062974843829	0.0190781698463616	0.0171084472958523	0.114750408013957
5	0.127460727778882	0.425399350434149	0.140120633658116	0.307019288128853
6	0.290931989924433	0.138008749834283	0.482765477926554	0.0882937823147289
7	0.14038679092819	0.0264504659807143	0.0204169584657652	0.81274578462533
8	0.0957233368532207	0.00327349524815206	0.104435058078142	0.796568109820486
9	0.00270591341077086	0.995710137275607	0.00151795142555438	6.59978880675818e-05
10	0.00714100233705531	0.446637237081278	0.0134380680342768	0.53278369254739
11	0.522256930886372	0.0100872055186776	0.459586099180008	0.00806976441494208
12	0.00323939099449304	0.00822805312601231	0.977453838678328	0.0110787172011662
13	0.768921053972784	0.115386575607767	0.00810356250955609	0.107588807909892
14	0.664713398246464	0.0699211349517557	0.0733577124730141	0.192007754328766
15	0.211984621503381	0.310486543815458	0.240289009677847	0.237239825003314
