Pos	A	C	G	T
1	0.434654438257452	0.0214543072387815	0.512692433671798	0.0311988208319686
2	0.00326641172721479	0.0139420012746973	0.972912683237731	0.00987890376035692
3	0.801364918957937	0.0846512238335849	0.014961611654308	0.0990222455541702
4	0.787820140636088	0.0382555964131346	0.0401909554222308	0.133733307528547
5	0.119318647121448	0.454180656784866	0.15936450741135	0.267136188682336
6	0.370127743203406	0.145103177202751	0.376596790042581	0.108172289551261
7	0.200353800502168	0.0513010728144259	0.0514722666057978	0.696872860077608
8	0.184567420109119	0.0201610808002078	0.160717069368667	0.634554429722006
9	0.00939608095085127	0.980725987793126	0.0096370061034372	0.00024092515258593
10	0.0123704715238172	0.471604144911238	0.00666720218491445	0.509358181380031
11	0.51608812807101	0.0101442383896022	0.451735615786971	0.0220320177524172
12	0.00361891275273385	0.0247030131382267	0.960742663834474	0.0109354102745653
13	0.662327801279965	0.157229634450591	0.0240807028961926	0.156361861373251
14	0.615524193548387	0.0884576612903226	0.085383064516129	0.210635080645161
15	0.243530953160825	0.266049787094661	0.245004913200131	0.245414346544383
