Pos	A	C	G	T
1	0.397227856659905	0.148459383753501	0.260938858301941	0.193373901284652
2	0.124697754749568	0.41792362310497	0.0806371137977356	0.376741508347726
3	0.0250175685172171	0.0022487702037948	0.970016397282736	0.00271726399625205
4	0.976604877128437	0.0109900476392623	0.00844299797179378	0.00396207726050658
5	0.957943925233645	0.000647728324234293	0.00879059868603683	0.032617747756084
6	0.982210626185958	0.00218216318785579	0.00047438330170778	0.0151328273244782
7	0.025546936690046	0.659993497143388	0.301732546797343	0.0127270193692229
8	0.0193348073575763	0.346474102648539	0.00663310909347509	0.627557980900409
9	0.0174057386767844	0.000426843727768556	0.981977709271994	0.000189708323452691
10	0.96495316213823	0.0241879107051312	0.00587220953534977	0.00498671762128909
11	0.880988852012595	0.00225512722321505	0.0295719513232916	0.0871840694408987
12	0.97775783906309	0.00340007555723461	0.00108613524744994	0.0177559501322252
13	0.025442120330609	0.752920533776608	0.203121392621323	0.0185159532714596
14	0.0921412690268514	0.284376603386352	0.0225756798358132	0.600906447750983
15	0.470491644933836	0.121365787694388	0.277455809910171	0.130686757461605
