Pos	A	C	G	T
1	0.0640658554044381	0.932355046528275	0.000715819613457409	0.00286327845382963
2	0.0026615969581749	0.487072243346008	0.00684410646387833	0.503422053231939
3	0.621951219512195	0.0908215661103979	0.0731707317073171	0.21405648267009
4	0.515463917525773	0.0494845360824742	0.0553264604810997	0.379725085910653
5	0.792034052903618	0.0	0.00273639404074187	0.20522955305564
6	0.223083805547271	0.0	0.0	0.776916194452729
7	0.378698224852071	0.0904010519395135	0.0535831689677844	0.477317554240631
8	0.250844335277863	0.0838194657660424	0.116364752840037	0.548971446116058
9	0.10168327035383	0.00343524562006183	0.894881484026108	0.0
10	0.0146109412164458	0.00373768263676521	0.885151206252124	0.0965001698946653
