Pos	A	C	G	T
1	0.219005196733482	0.243504083147736	0.328136599851522	0.209354120267261
2	0.226480836236934	0.185830429732869	0.252419667053813	0.335269066976384
3	0.0981038746908491	0.555234954657873	0.302967848309975	0.0436933223413026
4	0.901003344481605	0.000668896321070234	0.0849498327759197	0.0133779264214047
5	0.927685950413223	0.0220385674931129	0.0289256198347107	0.0213498622589532
6	0.0	0.0	0.891462607544672	0.108537392455328
7	0.0160701241782323	0.0	0.983929875821768	0.0
8	0.111653116531165	0.00542005420054201	0.152845528455285	0.730081300813008
9	0.00509337860780985	0.762308998302207	0.0956423316355405	0.136955291454443
10	0.710443037974684	0.0	0.289556962025316	0.0
11	0.237741456166419	0.307578008915305	0.150074294205052	0.304606240713224
