Pos	A	C	G	T
1	0.267300336153935	0.161933464703837	0.429465631157992	0.141300567984236
2	0.452988582941572	0.0261920752182673	0.512536377882248	0.00828296395791359
3	0.018079463029122	0.00562953339828949	0.933852982570099	0.04243802100249
4	0.0097781120722076	0.00131628431741256	0.811019180142911	0.177886423467469
5	0.0021043771043771	0.0138888888888889	0.0763888888888889	0.907617845117845
6	0.00308750882145378	0.760938602681722	0.0726887791107975	0.163285109386027
7	0.910684121621622	0.00168918918918919	0.086254222972973	0.00137246621621622
8	0.695476900749819	0.0133032330887688	0.163266951543981	0.127952914617431
9	0.81531190926276	0.00406427221172023	0.179584120982987	0.00103969754253308
10	0.0027532407938511	0.000688310198462774	0.989560628656648	0.0069978203510382
11	0.00336889387984278	0.00131012539771664	0.807224405764552	0.188096574957889
12	0.00223409422049539	0.023895094706168	0.135988343856241	0.837882467217096
13	0.0112928672257743	0.71626671095242	0.0602839823964129	0.212156439425392
14	0.680982079418963	0.0116839030551828	0.28957132707034	0.0177626904555143
15	0.224437746348249	0.253883607697658	0.250405750057964	0.271272895896128
