Pos	A	C	G	T
1	0.174002954209749	0.255539143279173	0.360413589364845	0.210044313146233
2	0.169608735213831	0.217834394904459	0.214376706096451	0.398180163785259
3	0.064760592490527	0.583017568033069	0.303823630726834	0.0483982087495694
4	0.957567185289958	0.0	0.0265912305516266	0.0158415841584158
5	0.959739155089311	0.0161610433796428	0.0187127870711653	0.00538701445988092
6	0.0040650406504065	0.0021680216802168	0.917344173441734	0.0764227642276423
7	0.00379672897196262	0.00496495327102804	0.988609813084112	0.0026285046728972
8	0.108089734874235	0.00407885791978246	0.120779515069114	0.767051892136868
9	0.00429281518300949	0.764798915499322	0.0980569362855852	0.132851333032083
10	0.656516679596587	0.0	0.337858805275407	0.00562451512800621
11	0.228132387706856	0.325354609929078	0.143617021276596	0.30289598108747
