Pos	A	C	G	T
1	0.342207432057682	0.107598447032723	0.481419855795896	0.0687742651136994
2	0.510626702997275	0.00762942779291553	0.471934604904632	0.00980926430517711
3	0.0297283444387494	0.0164018452075859	0.924141465914915	0.0297283444387494
4	0.01071761416589	0.00512581547064306	0.840167753960857	0.143988816402609
5	0.00732600732600733	0.02145473574045	0.0277341705913134	0.943485086342229
6	0.00412796697626419	0.930340557275542	0.0180598555211558	0.0474716202270382
7	0.96262680192205	0.0	0.0315002669514148	0.00587293112653497
8	0.00383561643835616	0.326575342465753	0.00821917808219178	0.661369863013699
9	0.0618090452261307	0.0206030150753769	0.906030150753769	0.0115577889447236
10	0.866826923076923	0.0754807692307692	0.0408653846153846	0.0168269230769231
11	0.126227208976157	0.842917251051893	0.0182328190743338	0.0126227208976157
12	0.0516549648946841	0.904212637913741	0.014543630892678	0.0295887662988967
13	0.00798722044728434	0.463258785942492	0.0314164004259851	0.497337593184239
14	0.0820854132002218	0.471991125901276	0.105379922351636	0.340543538546866
