Pos	A	C	G	T
1	0.380731282646547	0.149158444573418	0.30586186883343	0.164248403946605
2	0.594914718888187	0.151768793430196	0.221415034744157	0.0319014529374605
3	0.0	0.0164246196403873	0.893672199170125	0.0899031811894882
4	0.0	0.0	0.940331089685283	0.0596689103147171
5	0.0519237316990126	0.0	0.0680966973101805	0.879979570990807
6	0.0	0.990040222179659	0.00995977782034093	0.0
7	0.744490854097652	0.0	0.255509145902348	0.0
8	0.242492917847026	0.349121813031161	0.171784702549575	0.236600566572238
9	0.197717159992262	0.166956858193074	0.535500096730509	0.0998258850841555
