Pos	A	C	G	T
1	0.154488517745303	0.179540709812109	0.292275574112735	0.373695198329854
2	0.1	0.0352941176470588	0.160294117647059	0.704411764705882
3	0.00982318271119843	0.0235756385068762	0.0255402750491159	0.941060903732809
4	0.00682926829268293	0.0263414634146341	0.0321951219512195	0.934634146341463
5	0.00102774922918808	0.984583761562179	0.0092497430626927	0.00513874614594039
6	0.00712105798575788	0.974567650050865	0.0111902339776195	0.00712105798575788
7	0.85979381443299	0.00721649484536083	0.127835051546392	0.00515463917525773
8	0.00311203319502075	0.104771784232365	0.00311203319502075	0.889004149377593
9	0.000999000999000999	0.015984015984016	0.957042957042957	0.025974025974026
10	0.0109452736318408	0.0248756218905473	0.953233830845771	0.0109452736318408
11	0.923818707810993	0.0327868852459016	0.0270009643201543	0.0163934426229508
12	0.957042957042957	0.015984015984016	0.018981018981019	0.00799200799200799
13	0.705969049373618	0.176123802505527	0.0191599115696389	0.0987472365512159
14	0.331941544885177	0.320459290187891	0.159707724425887	0.187891440501044
