Pos	A	C	G	T
1	0.243829787234043	0.0574468085106383	0.666382978723404	0.0323404255319149
2	0.407911527009783	0.000425350914504466	0.591663122075712	0.0
3	0.00296484540448962	0.0	0.995340957221516	0.00169419737399407
4	0.00320512820512821	0.000400641025641026	0.94150641025641	0.0548878205128205
5	0.000421052631578947	0.0	0.0101052631578947	0.989473684210526
6	0.0	0.902804456396466	0.0242028428736074	0.072992700729927
7	0.995762711864407	0.000847457627118644	0.00338983050847458	0.0
8	0.965488907148726	0.0	0.0250616269515201	0.00944946589975349
9	0.967476327706875	0.0	0.0325236722931247	0.0
10	0.0	0.0	1.0	0.0
11	0.0	0.0	0.951802349129202	0.0481976508707979
12	0.000418410041841004	0.0	0.0163179916317992	0.98326359832636
13	0.00118858954041204	0.931061806656101	0.0182250396196513	0.0495245641838352
14	0.907686365392043	0.0	0.0919273850907686	0.000386249517188104
15	0.247339293316305	0.352064708386547	0.135376756066411	0.265219242230737
