Pos	A	C	G	T
1	0.150690041029467	0.221745617306975	0.419992540096979	0.20757180156658
2	0.144529863985807	0.204021289178001	0.2214074512123	0.430041395623891
3	0.0385639984777369	0.680197894202715	0.264620068501839	0.016618038817709
4	0.990212373037858	0.0	0.0097876269621422	0.0
5	0.983672720601725	0.00843881856540084	0.00421940928270042	0.00366905155017428
6	0.0	0.00110395584176633	0.98656853725851	0.012327506899724
7	0.0	0.00445599702933531	0.995544002970665	0.0
8	0.0388817480719794	0.0096401028277635	0.089974293059126	0.861503856041131
9	0.0008424599831508	0.903454085930918	0.0532434709351306	0.0424599831508003
10	0.85003170577045	0.0	0.14996829422955	0.0
11	0.258623904531046	0.305798993100876	0.124557150848406	0.311019951519672
