Pos	A	C	G	T
1	0.379310344827586	0.0774681152574398	0.505904581955598	0.0373169579593765
2	0.595103578154426	0.00329566854990584	0.401600753295669	0.0
3	0.0	0.0481115107913669	0.951888489208633	0.0
4	0.0031055900621118	0.0137533274179237	0.93921916592724	0.043921916592724
5	0.0055376095985233	0.00230733733271804	0.0152284263959391	0.97692662667282
6	0.0	0.99203373945642	0.000468603561387067	0.00749765698219306
7	0.99296435272045	0.00703564727954972	0.0	0.0
8	0.0	0.395843174303259	0.0	0.604156825696741
9	0.0282935455349248	0.024314765694076	0.935897435897436	0.0114942528735632
10	0.837420886075949	0.0846518987341772	0.0308544303797468	0.0470727848101266
11	0.0603015075376884	0.886515912897823	0.0263819095477387	0.0268006700167504
12	0.0582053354890865	0.855699272433306	0.0711398544866613	0.0149555375909458
13	0.0104688211197087	0.401456531634046	0.025944469731452	0.562130177514793
14	0.0637393767705382	0.470254957507082	0.106704438149197	0.359301227573182
