Pos	A	C	G	T
1	0.309949892627058	0.217711422435832	0.238674711115656	0.233663973821454
2	0.509532374100719	0.0329136690647482	0.369874100719424	0.0876798561151079
3	0.815039237111354	0.0286083242276746	0.156352438660971	0.0
4	0.0	0.0	1.0	0.0
5	0.0	0.0	0.976923076923077	0.0230769230769231
6	0.0	0.0	0.0	1.0
7	0.0	1.0	0.0	0.0
8	0.988177041228779	0.0	0.0118229587712207	0.0
9	0.24573064730545	0.361182124961653	0.166888229880356	0.226198997852541
10	0.129576600531806	0.189302515851912	0.548271630190223	0.132849253426058
