Pos	A	C	G	T
1	0.40088569056186	0.116191530584002	0.121394962634929	0.361527816219208
2	0.174736010344084	0.176460024423533	0.25709359959773	0.391710365634653
3	0.0739121294933782	0.0184570107210427	0.148160605423586	0.759470254361993
4	0.0	0.0	0.0	1.0
5	0.0	0.00116118330107824	0.0	0.998838816698922
6	0.0	1.0	0.0	0.0
7	0.0	1.0	0.0	0.0
8	0.638717632552404	0.00327025143408567	0.329705677370932	0.0283064386425776
9	0.129493352714939	0.269071197116986	0.05438963084098	0.547045819327095
10	0.20135082765875	0.216298510767868	0.206056579748657	0.376294081824725
