Pos	A	C	G	T
1	0.149068322981366	0.158202411399342	0.268176835951772	0.424552429667519
2	0.0466463414634146	0.00945121951219512	0.109146341463415	0.834756097560976
3	0.00325027085590466	0.00361141206211629	0.00433369447453954	0.98880462260744
4	0.00781527531083481	0.00994671403197158	0.00959147424511545	0.972646536412078
5	0.0	0.990593342981187	0.00687409551374819	0.00253256150506512
6	0.0129171151776103	0.982418371008253	0.00215285252960172	0.00251166128453534
7	0.475391906671528	0.0	0.52242070725483	0.002187386073642
8	0.00072992700729927	0.526277372262774	0.0	0.472992700729927
9	0.00107642626480086	0.00645855758880517	0.982418371008253	0.0100466451381414
10	0.000721240533717995	0.00865488640461594	0.987378290659935	0.00324558240173098
11	0.985956067698956	0.00792221822110191	0.00108030248469571	0.00504141159524667
12	0.980659025787966	0.00931232091690544	0.00608882521489971	0.00393982808022923
13	0.835775335775336	0.101037851037851	0.0100732600732601	0.0531135531135531
14	0.435878699305809	0.267080745341615	0.141395688710267	0.155644866642309
