Pos	A	C	G	T
1	0.00574345883854499	0.214741544352265	0.391352903637524	0.388162093171666
2	0.146982599037394	0.773664075033938	0.00394915463408614	0.0754041712945823
3	0.620791311093871	0.0181536074476338	0.351900698215671	0.00915438324282389
4	0.190620513638539	0.285851012920721	0.341202743659276	0.182325729781464
5	0.00550335570469799	0.145771812080537	0.00724832214765101	0.841476510067114
6	0.00548417424005014	0.643371983704168	0.338921968035099	0.0122218740206832
7	0.820657154077759	0.000392721560413667	0.160884932582799	0.0180651917790287
8	0.547945205479452	0.00927971718957137	0.0673147738989542	0.375460303432022
9	0.0010825114265095	0.243805629059418	0.754029348087563	0.0010825114265095
10	0.000316505776230416	0.99208735559424	0.0	0.00759613862952999
11	0.103100113765643	0.00312855517633675	0.891496018202503	0.00227531285551763
12	0.0053352559480894	0.0852198990627253	0.00547945205479452	0.903965392934391
13	0.13035204567079	0.00801957319559603	0.852113633274432	0.00951474785918173
14	0.932470623233675	0.00327234865387476	0.0123456790123457	0.0519113491001041
15	0.0218266253869969	0.970433436532508	0.000928792569659443	0.00681114551083591
16	0.0875402792696026	0.383995703544576	0.457572502685285	0.0708915145005371
17	0.32860105279949	0.160472164619557	0.334024565321423	0.176902217259531
