Pos	A	C	G	T
1	0.338986644053424	0.0534237863048548	0.527877888488446	0.0797116811532754
2	0.651649746192893	0.00253807106598985	0.345812182741117	0.0
3	0.00269877517126842	0.002906373261366	0.979032592900145	0.0153622586672203
4	0.0	0.0	0.993678887484197	0.00632111251580278
5	0.00061012812690665	0.00671140939597315	0.0335570469798658	0.959121415497254
6	0.0	0.963235294117647	0.014093137254902	0.022671568627451
7	0.969572368421053	0.00185032894736842	0.02734375	0.00123355263157895
8	0.931831653823355	0.00671803991306066	0.0252914443785813	0.036158861885003
9	0.961467889908257	0.000407747196738022	0.0381243628950051	0.0
10	0.00209863588667366	0.0	0.989716684155299	0.00818467995802728
11	0.00548176259751212	0.000210837022981235	0.994307400379507	0.0
12	0.0	0.00144687887556842	0.0237701529557668	0.974782968168665
13	0.000397377309755613	0.937015696403735	0.013312139876813	0.049274786409696
14	0.697839597514057	0.00340337377922462	0.294317845516425	0.00443918319029299
15	0.259754028837998	0.253604749787956	0.226675148430874	0.259966072943172
