Pos	A	C	G	T
1	0.225609756097561	0.201219512195122	0.50609756097561	0.0670731707317073
2	0.644970414201183	0.029585798816568	0.319526627218935	0.00591715976331361
3	0.0179640718562874	0.0	0.982035928143713	0.0
4	0.0	0.00921658986175115	0.235023041474654	0.755760368663594
5	0.0225225225225225	0.0540540540540541	0.184684684684685	0.738738738738739
6	0.0459183673469388	0.836734693877551	0.0102040816326531	0.107142857142857
7	0.717791411042945	0.0	0.282208588957055	0.0
8	0.218181818181818	0.242424242424242	0.139393939393939	0.4
9	0.164634146341463	0.341463414634146	0.182926829268293	0.310975609756098
10	0.109756097560976	0.310975609756098	0.524390243902439	0.0548780487804878
11	0.655172413793103	0.0172413793103448	0.28735632183908	0.0402298850574713
12	0.0	0.00595238095238095	0.976190476190476	0.0178571428571429
13	0.0	0.0	0.271111111111111	0.728888888888889
14	0.0539419087136929	0.0995850622406639	0.16597510373444	0.680497925311203
15	0.0114285714285714	0.937142857142857	0.0	0.0514285714285714
16	0.585227272727273	0.0511363636363636	0.340909090909091	0.0227272727272727
17	0.201219512195122	0.335365853658537	0.109756097560976	0.353658536585366
