Pos	A	C	G	T
1	0.347058823529412	0.154901960784314	0.325490196078431	0.172549019607843
2	0.571428571428571	0.175115207373272	0.211981566820276	0.0414746543778802
3	0.0385906040268456	0.0469798657718121	0.855704697986577	0.0587248322147651
4	0.0165562913907285	0.0	0.844370860927152	0.139072847682119
5	0.11125	0.0825	0.16875	0.6375
6	0.00727272727272727	0.927272727272727	0.0181818181818182	0.0472727272727273
7	0.949720670391061	0.00186219739292365	0.0260707635009311	0.0223463687150838
8	0.0211132437619962	0.466410748560461	0.0	0.512476007677543
9	0.0495049504950495	0.0858085808580858	0.841584158415842	0.0231023102310231
10	0.492753623188406	0.220289855072464	0.155555555555556	0.131400966183575
11	0.201183431952663	0.754437869822485	0.0281065088757396	0.0162721893491124
12	0.124809741248097	0.776255707762557	0.0715372907153729	0.0273972602739726
13	0.0540540540540541	0.280780780780781	0.18018018018018	0.484984984984985
14	0.182352941176471	0.370588235294118	0.16078431372549	0.286274509803922
