Pos	A	C	G	T
1	0.299666689813207	0.132594958683425	0.230956183598361	0.336782167905007
2	0.874602909212506	0.0149807724460793	0.0219026918575489	0.0885136264838656
3	0.55595026642984	0.00127350112269178	0.0334796742518181	0.40929655819565
4	0.139568794917196	0.2445578585564	0.359858348088741	0.256014998437663
5	0.0209707659190334	0.085619054232345	0.136830775640581	0.756579404208041
6	0.624410377358491	0.000797724750277469	0.374549112097669	0.000242785793562708
7	0.0004004004004004	0.0	0.961027694361028	0.0385719052385719
8	0.0015931287663642	0.0	0.9975064071483	0.000900464085336289
9	0.000746371803731859	0.0135176226675881	0.189550794747754	0.796185210780926
10	0.0031839597272121	0.619624378805155	8.6052965600327e-05	0.377105608502033
11	0.999548846087107	6.94082942911678e-05	0.0	0.000381745618601423
12	0.0806569216346655	0.193118294503663	0.678101454810597	0.0481233290510746
13	0.00111103395597528	0.0188528574404555	0.0201374904520519	0.959898618151517
14	0.761321442204254	0.00020821043134261	0.238158031717389	0.000312315647013915
15	0.000136864435776364	0.00078697050571409	0.985492369807705	0.0135837952508041
16	0.000277671722605949	3.47089653257436e-05	0.999687619312068	0.0
17	0.0112646392443437	0.0123815298209784	0.0572486198423589	0.919105211092319
18	0.0	0.982567461535837	0.000784634803670726	0.0166479036604919
19	0.823549595402167	5.71869728075944e-05	0.176307437165814	8.57804592113916e-05
20	0.281284722222222	0.277013888888889	0.214479166666667	0.227222222222222
