Pos	A	C	G	T
1	0.429983016828779	0.128608923884514	0.304616334722866	0.136791724563841
2	0.660306490384615	0.015625	0.312650240384615	0.0114182692307692
3	0.0209364832366671	0.00495119536002263	0.916112604328759	0.0579997170745509
4	0.0395985896392731	0.00745863845945213	0.8782207756984	0.074721996202875
5	0.00543773790103317	0.0456769983686786	0.0685154975530179	0.88036976617727
6	0.00342726580350343	0.822036049758822	0.0402386392485402	0.134298045189134
7	0.817057784506687	0.0302800908402725	0.124653040625789	0.0280090840272521
8	0.279141577890999	0.235294117647059	0.261695229272811	0.223869075189131
9	0.0161073825503356	0.535123042505593	0.0180462341536167	0.430723340790455
10	0.0957698370993169	0.047293746715712	0.850761954808198	0.00617446137677352
11	0.866470430826866	0.0805458924270805	0.0396039603960396	0.0133797163500134
12	0.0744767599891275	0.880130470236477	0.00611579233487361	0.0392769774395216
13	0.0677802319160685	0.893981225842076	0.00952512424075097	0.0287134180011044
14	0.0155502392344498	0.332685406698565	0.0159988038277512	0.635765550239234
15	0.135577516985794	0.326281655342804	0.113032736256949	0.425108091414453
