Pos	A	C	G	T
1	0.687531296945418	0.0185277916875313	0.0991487230846269	0.194792188282424
2	0.0325884543761639	0.873370577281192	0.0162942271880819	0.0777467411545624
3	0.893809523809524	0.0552380952380952	0.0347619047619048	0.0161904761904762
4	0.17397323488694	0.00415320719889248	0.00461467466543609	0.817258883248731
5	0.0	0.99364743250397	0.00158814187400741	0.00476442562202223
6	0.00193610842207164	0.0876089060987415	0.909486931268151	0.000968054211035818
7	0.39087093389297	0.00262329485834208	0.579748163693599	0.0267576075550892
8	0.00423728813559322	0.00158898305084746	0.994173728813559	0.0
9	0.262968669748331	0.0719054956343092	0.639958911145352	0.0251669234720082
10	0.00389105058365759	0.912937743190661	0.0797665369649805	0.00340466926070039
11	0.00631911532385466	0.000526592943654555	0.9884149552396	0.004739336492891
12	0.0974729241877256	0.820397111913357	0.0667870036101083	0.0153429602888087
13	0.0907008703618873	0.0311497938616583	0.138341731562071	0.739807604214384
14	0.0680112570356473	0.0145403377110694	0.880393996247655	0.0370544090056285
15	0.584303797468354	0.0248101265822785	0.0465822784810127	0.344303797468354
