Pos	A	C	G	T
1	0.420021842009465	0.325300327630142	0.118820531488897	0.135857298871496
2	0.225863265197203	0.0911565351977371	0.546352137481988	0.136628062123072
3	0.826430935658351	0.0569145071445871	0.0779042544603213	0.0387503027367401
4	0.990613508805884	0.0	0.0	0.00938649119411651
5	0.0	0.988700019316206	0.000386324125941665	0.010913656557852
6	0.9994142341111	0.0	0.000585765888899736	0.0
7	0.952722196370405	0.019637040483946	0.0100511865984179	0.0175895765472313
8	0.0439501300565073	0.0335456094717015	0.00430531886267827	0.918198941609113
9	0.376862268166616	0.10656734569778	0.401261781696564	0.115308604439039
10	0.2122692194979	0.211976164892058	0.455699912083618	0.120054703526424
