Pos	A	C	G	T
1	0.672593737920371	0.0388480865867801	0.138964051024353	0.149594124468496
2	0.0782237403928266	0.781725021349274	0.0300597779675491	0.10999146029035
3	0.856345366579829	0.0656866393747674	0.0554521771492371	0.0225158168961667
4	0.217848721204426	0.00798113549791402	0.00997641937239253	0.764193723925268
5	0.0	0.986069438491213	0.0	0.013930561508787
6	0.00136266303289858	0.10434105509052	0.893712283433911	0.00058399844267082
7	0.423257802479692	0.000641299700726806	0.534416417272339	0.0416844805472424
8	0.0	0.00108436347863804	0.998048145738452	0.000867490782910432
9	0.326496788895794	0.0743733167598923	0.555210275533458	0.0439196188108556
10	0.00738150738150738	0.894133644133644	0.0938228438228438	0.00466200466200466
11	0.0171392297926365	0.0	0.974396953025815	0.00846381718154888
12	0.0993566833452466	0.763045032165833	0.105611150822016	0.0319871336669049
13	0.0944659851956292	0.0472329925978146	0.152802255904124	0.705498766302432
14	0.097749527572582	0.0298917711733379	0.789555059268167	0.0828036419859131
15	0.449824970828471	0.0696227148969273	0.0698171917541812	0.41073512252042
