Pos	A	C	G	T
1	0.108724307962701	0.447883610799199	0.248352292144705	0.195039789093395
2	0.00538678054935456	0.000242647772493449	0.994030864796661	0.000339706881490828
3	0.000681132626252798	0.00180013622652525	0.000973046608932568	0.996545684538289
4	0.172062206048955	0.12406879741838	0.000686600981839404	0.703182395550826
5	0.330323863165742	0.0146608133852398	0.517973991551396	0.137041331897623
6	0.000328359298040789	0.747309277974388	0.0110547630340399	0.241307599693531
7	7.82197191912081e-05	0.801087254096758	0.000273769017169228	0.198560757166882
8	0.797407248802896	0.000389301981547086	0.197648616031456	0.00455483318410091
9	0.00453089602374814	0.195062885712054	0.000351535036325287	0.800054683227873
10	0.198003913894325	0.000195694716242661	0.801682974559687	0.000117416829745597
11	0.244834973312516	0.0111833266765913	0.743727533495516	0.000254166515377074
12	0.135619965119176	0.518353957312516	0.0138277551698364	0.332198322398472
13	0.704028321990788	0.000928026397195298	0.126211590018561	0.168832061593456
14	0.996691158581091	0.000729891489465233	0.00204369617050265	0.000535253758941171
15	4.85578323783626e-05	0.994610080606002	0.000194231329513451	0.00514713023210644
16	0.193614528412419	0.254051942979887	0.444346807264206	0.107986721343488
