Pos	A	C	G	T
1	0.17899018904044	0.326872457525724	0.248863364441254	0.245273988992582
2	0.00514258999532492	0.0168302945301543	0.976858345021038	0.00116877045348294
3	0.037551867219917	0.0105809128630705	0.0848547717842324	0.86701244813278
4	0.649013822022053	0.0130455039602423	0.237148625562976	0.100792048454729
5	0.305096913137114	0.350083752093802	0.160325436707346	0.184493898061737
6	0.174443646805456	0.262263699449629	0.153864560899737	0.409428092845178
7	0.186688578471652	0.0933442892358258	0.0331963845521775	0.686770747740345
8	0.00442168955084943	0.0118687456364906	0.0111705841284617	0.972538980684198
9	0.0167508031206976	0.00688389169343736	0.0174391922900413	0.958926112895824
10	0.0021286660359508	0.98841059602649	0.00946073793755913	0.0
11	0.0	0.999282639885222	0.0	0.000717360114777618
12	0.45705453742548	0.0256127180393023	0.465665709869728	0.0516670346654891
13	0.0658052165589854	0.326393874132568	0.072505384063173	0.535295525245274
