Pos	A	C	G	T
1	0.84485171900971	0.0381856355524451	0.0495582188784883	0.0674044265593561
2	0.000513320671423438	0.991478876854371	0.00112930547713156	0.00687849699707407
3	0.957135777998018	0.0193756194251734	0.0	0.0234886025768087
4	0.894254363627946	0.0735682207509607	0.0234733089494884	0.00870410667160517
5	0.00458290422245108	0.000154479917610711	0.000669412976313079	0.994593202883625
6	0.242286187616484	0.0740318906605923	0.442638227376268	0.241043694346656
7	0.263266891017344	0.235154025368884	0.234998705669169	0.266580377944603
8	0.227595133316076	0.462542065752006	0.0736733108982656	0.236189490033653
9	0.996491771139658	0.000567507609761131	5.15916008873755e-05	0.00288912964969303
10	0.00644092749355907	0.0221291866028708	0.0828119249171881	0.888617960986382
11	0.0243600534732881	0.00064365994949745	0.0186661385354261	0.956330148041788
12	0.00882322765979276	0.0	0.990817687493588	0.000359084846619473
13	0.0706867084447171	0.0449187080941321	0.0379508304483106	0.84644375301284
