Pos	A	C	G	T
1	0.159817351598174	0.144331943617232	0.22652372443915	0.469326980345444
2	0.0545083254791078	0.00298460571787622	0.151115300031417	0.791391768771599
3	0.0	0.000198412698412698	0.000198412698412698	0.999603174603175
4	0.00118694362017804	0.00217606330365974	0.0	0.996636993076162
5	0.000396275014860313	0.998216762433129	0.000792550029720626	0.00059441252229047
6	0.0	0.998612487611497	0.000396432111000991	0.000991080277502478
7	0.307397260273973	0.0	0.69013698630137	0.00246575342465753
8	0.00250034727045423	0.699819419363801	0.0	0.297680233365745
9	0.00138558986539984	0.0	0.9972288202692	0.00138558986539984
10	0.000593824228028504	0.00118764845605701	0.9972288202692	0.000989707046714173
11	0.9972288202692	0.00257323832145685	0.0	0.000197941409342835
12	0.998019017432647	0.000396196513470681	0.000990491283676704	0.000594294770206022
13	0.783514774494557	0.149766718506998	0.00435458786936236	0.0623639191290824
14	0.462591784084144	0.243897598729907	0.138717999603096	0.154792617582854
