Pos	A	C	G	T
1	0.677618737800911	0.0296031229668185	0.148666232921275	0.144111906310995
2	0.0599938781756964	0.840220385674931	0.0180593816957453	0.0817263544536272
3	0.894361633182113	0.0479585223590408	0.0349967595593001	0.0226830848995463
4	0.195843828715365	0.00188916876574307	0.00314861460957179	0.79911838790932
5	0.0	0.991382405745063	0.000718132854578097	0.00789946140035907
6	0.00134273246055723	0.0741859684457872	0.924471299093656	0.0
7	0.407697790449038	0.00142551674982181	0.558446186742694	0.0324305060584462
8	0.00144665461121157	0.000361663652802893	0.998191681735985	0.0
9	0.321069073238459	0.0895522388059701	0.550850399166956	0.0385282887886151
10	0.00336021505376344	0.92741935483871	0.0682123655913978	0.00100806451612903
11	0.0100035727045373	0.000357270453733476	0.985709181850661	0.00392997499106824
12	0.0819155639571519	0.84940138626339	0.056710775047259	0.0119722747321991
13	0.108803471791693	0.0331680099194048	0.113143211407316	0.744885306881587
14	0.0714065866420437	0.0169282856263466	0.84949215143121	0.0621729763004001
15	0.466798159105851	0.0677186061801446	0.064431295200526	0.401051939513478
