Pos	A	C	G	T
1	0.0970484635005466	0.473436171504919	0.245256892991619	0.184258472002915
2	0.00225410829414901	0.0	0.997745891705851	0.0
3	0.0	0.0	0.0	1.0
4	0.225432211101001	0.0542451179393855	0.0	0.720322670959614
5	0.260702634323886	0.00807829734348299	0.652877338600502	0.078341729732129
6	0.0	0.7366283127248	0.00155682407887909	0.261814863196321
7	0.0	0.850323273636157	0.0	0.149676726363843
8	0.984902861517849	0.0	0.0150971384821514	0.0
9	0.00385118269345061	0.0175442767146083	0.0	0.978604540591941
10	0.154733794632774	0.0	0.845225140135105	4.10652321212246e-05
11	0.264984676787114	0.00155013897797734	0.733465184234908	0.0
12	0.0770168709956326	0.656926862792915	0.0103753297714324	0.25568093644002
13	0.72158533165054	0.0	0.0512024961435984	0.227212172205862
14	1.0	0.0	0.0	0.0
15	0.0	0.995598229617626	0.0	0.00440177038237357
16	0.185817704790594	0.250194344572928	0.464216305509669	0.0997716451268098
