Pos	A	C	G	T
1	0.151034329354193	0.370875658041077	0.258619411284941	0.219470601319789
2	0.0518476886328509	0.0	0.947449768160742	0.000702543206407194
3	0.00171453064723532	0.0298614087726818	0.00500071438776968	0.963423346192313
4	0.241916429665281	0.16416539050536	0.00385036097134106	0.590067818858018
5	0.3126878793035	0.0665872610742442	0.452271567126085	0.168453292496172
6	0.00169245647969052	0.652127659574468	0.0673597678916828	0.278820116054159
7	5.01529665479713e-05	0.676362906865941	0.00245749536085059	0.32112944480666
8	0.887236842105263	0.00743421052631579	0.0513157894736842	0.0540131578947368
9	0.050466300681262	0.0504001587406575	0.00714332958529003	0.891990210992791
10	0.319541501181439	0.00241315167663768	0.67799507314866	5.02739932632849e-05
11	0.278191489361702	0.0678916827852998	0.652127659574468	0.00178916827852998
12	0.165214916026188	0.448050099629946	0.0669513236549957	0.31978366068887
13	0.588214768613425	0.00549570375539757	0.162079644087757	0.24420988354342
14	0.966322728575523	0.00666380051590714	0.0264402407566638	0.00057323015190599
15	0.000210098746410813	0.944463898032075	0.000350164577351355	0.0549758386441628
16	0.222971970932819	0.25945424885066	0.370532403974492	0.147041376242029
