Pos	A	C	G	T
1	0.1328125	0.1796875	0.2890625	0.3984375
2	0.0461538461538462	0.0897435897435897	0.21025641025641	0.653846153846154
3	0.0510204081632653	0.00340136054421769	0.0782312925170068	0.86734693877551
4	0.0636942675159236	0.0254777070063694	0.0987261146496815	0.812101910828026
5	0.0143884892086331	0.91726618705036	0.0467625899280576	0.0215827338129496
6	0.028673835125448	0.913978494623656	0.028673835125448	0.028673835125448
7	0.898832684824903	0.00778210116731518	0.0933852140077821	0.0
8	0.00778210116731518	0.105058365758755	0.0	0.88715953307393
9	0.0549828178694158	0.0103092783505155	0.876288659793814	0.0584192439862543
10	0.0240549828178694	0.0721649484536082	0.876288659793814	0.0274914089347079
11	0.806962025316456	0.0474683544303797	0.0316455696202532	0.113924050632911
12	0.940959409594096	0.0553505535055351	0.0	0.003690036900369
13	0.579545454545455	0.243181818181818	0.0590909090909091	0.118181818181818
14	0.34765625	0.36328125	0.17578125	0.11328125
