Pos	A	C	G	T
1	0.0488004921058027	0.483493951199508	0.28234570432643	0.185359852368259
2	0.0	0.0	1.0	0.0
3	0.0290731707317073	0.0064390243902439	0.0128780487804878	0.951609756097561
4	0.0127538177546568	0.168820271857694	0.0	0.818425910387649
5	0.211677658034422	0.0	0.784461959144282	0.00386038282129645
6	0.0124718517235406	0.84479473410705	0.0263294647496969	0.116403949419712
7	0.00514775977121068	0.308484270734032	0.0650142993326978	0.621353670162059
8	0.550016916657268	0.0235705424608097	0.390436449757528	0.0359760911243938
9	0.0863412633305989	0.268047579983593	0.258613617719442	0.386997538966366
