Pos	A	C	G	T
1	0.051849166062364	0.445975344452502	0.343727338651197	0.158448150833938
2	0.00216763005780347	0.00144508670520231	0.996387283236994	0.0
3	0.00107991360691145	0.00575953923686105	0.000359971202303816	0.992800575953924
4	0.00386371619248332	0.0273972602739726	0.0	0.968739023533544
5	0.014967925873129	0.00142551674982181	0.982893799002138	0.000712758374910905
6	0.0	0.999637549836897	0.0	0.000362450163102573
7	0.00239152716091561	0.0491971301674069	0.00614964127092586	0.942261701400752
8	0.941663665826431	0.00324090745408714	0.00360100828231905	0.0514944184371624
9	0.348946660690273	0.0268937696100403	0.618108471537427	0.00605109816225908
10	0.00108656283955089	0.0	0.998913437160449	0.0
11	0.0082445894881484	0.947440742013054	0.000687049124012367	0.0436276193747853
12	0.96131056117114	0.00139421401185082	0.0313698152666434	0.00592540955036598
13	0.997107736804049	0.000723065798987708	0.00144613159797542	0.000723065798987708
14	0.0	1.0	0.0	0.0
15	0.121827411167513	0.259970993473532	0.579042784626541	0.0391588107324148
