Pos	A	C	G	T
1	0.166666666666667	0.5	0.1	0.233333333333333
2	0.516129032258065	0.0645161290322581	0.0	0.419354838709677
3	0.771428571428571	0.0571428571428571	0.171428571428571	0.0
4	0.96551724137931	0.0	0.0344827586206897	0.0
5	0.0	1.0	0.0	0.0
6	0.0333333333333333	0.966666666666667	0.0	0.0
7	0.875	0.0	0.09375	0.03125
8	0.0	1.0	0.0	0.0
9	0.6	0.0333333333333333	0.366666666666667	0.0
10	0.766666666666667	0.0	0.2	0.0333333333333333
11	0.827586206896552	0.0	0.0	0.172413793103448
12	1.0	0.0	0.0	0.0
13	1.0	0.0	0.0	0.0
14	0.032258064516129	0.935483870967742	0.032258064516129	0.0
15	0.0	1.0	0.0	0.0
16	0.852941176470588	0.0294117647058824	0.0882352941176471	0.0294117647058824
17	0.0	0.967741935483871	0.0	0.032258064516129
18	0.379310344827586	0.0	0.620689655172414	0.0
19	0.838709677419355	0.0645161290322581	0.0645161290322581	0.032258064516129
20	0.611111111111111	0.0833333333333333	0.222222222222222	0.0833333333333333
21	0.310344827586207	0.275862068965517	0.137931034482759	0.275862068965517
