Pos	A	C	G	T
1	0.758208955223881	0.135820895522388	0.00597014925373134	0.1
2	0.996078431372549	0.0	0.0	0.00392156862745098
3	0.0	1.0	0.0	0.0
4	0.99803536345776	0.0	0.0	0.00196463654223969
5	1.0	0.0	0.0	0.0
6	0.0230769230769231	0.0	0.0	0.976923076923077
7	0.259332023575639	0.00196463654223969	0.728880157170923	0.00982318271119843
8	0.127952755905512	0.230314960629921	0.507874015748031	0.133858267716535
9	0.174852652259332	0.320235756385069	0.31237721021611	0.192534381139489
10	0.126232741617357	0.50887573964497	0.238658777120316	0.126232741617357
11	0.00393700787401575	0.710629921259842	0.0	0.285433070866142
12	0.978805394990366	0.0	0.0	0.0211946050096339
13	0.0	0.0	0.0	1.0
14	0.0	0.0	0.0	1.0
15	0.00196463654223969	0.0	0.99803536345776	0.0
16	0.00587084148727984	0.0	0.0	0.99412915851272
17	0.105263157894737	0.00730994152046784	0.144736842105263	0.742690058479532
