Pos	A	C	G	T
1	0.376768428890544	0.122983370563415	0.318813601389923	0.181434599156118
2	0.607700403437993	0.0351254165935801	0.236844413260831	0.120329766707595
3	0.111039794608472	0.0942529870642836	0.745433000888713	0.0492742174385307
4	0.000471948557607221	0.0232434664621556	0.945666922305469	0.0306176626747684
5	0.00479331783019316	0.260262920601775	0.0018034265103697	0.733140335057662
6	0.00567585909062866	0.0	0.994324140909371	0.0
7	0.0888038465312531	0.176822686684329	0.0217839269944068	0.712589539790011
8	0.0576329504629864	0.160704346506097	0.56246521277134	0.219197490259576
9	0.909531782229663	0.0018474683909705	0.0736678020899486	0.0149529472894175
10	0.342687561826417	0.0886655906700682	0.438017389493414	0.1306294580101
11	0.151647981117761	0.177316024614347	0.606296889488325	0.0647391047795667
12	0.00174920739040122	0.0454793921504318	0.87121460588171	0.0815567945774571
13	0.00346277516695523	0.495053178332921	0.0	0.501484046500124
14	0.000620270437910929	0.0	0.999379729562089	0.0
15	0.107001448575567	0.120135200386287	0.0417189763399324	0.731144374698213
16	0.0536538767712148	0.139680517964231	0.625378124502468	0.181287480762087
17	0.928471001757469	0.0	0.0557703573520797	0.0157586408904511
18	0.301935964259121	0.168466120625465	0.214755522462149	0.314842392653264
