Pos	A	C	G	T
1	0.30365296803653	0.10909539676663	0.400222139948167	0.187029495248673
2	0.773076372656585	0.0268568430091113	0.153365453417927	0.0467013309163765
3	0.0501572018078208	0.132540774218904	0.796128905482413	0.0211731184908626
4	0.0	0.0	1.0	0.0
5	0.0	0.19054992258129	0.0	0.80945007741871
6	0.0	0.0	1.0	0.0
7	0.0173217179902755	0.161871961102107	0.0	0.820806320907618
8	0.0166851145820522	0.152871725495019	0.664370926085352	0.166072233837576
9	0.96827388420864	0.000298739320069307	0.0266475473501822	0.00477982912110892
10	0.480377637911884	0.145193138343823	0.184499568061212	0.18992965568308
