Pos	A	C	G	T
1	0.456032719836401	0.107361963190184	0.197341513292434	0.239263803680982
2	0.708188153310105	0.0792682926829268	0.151567944250871	0.0609756097560976
3	0.0906298003072197	0.168202764976959	0.659754224270353	0.0814132104454685
4	0.0	0.00101936799184506	0.99796126401631	0.00101936799184506
5	0.0	0.20814880425155	0.00265721877767936	0.789193976970771
6	0.0	0.0	0.996945010183299	0.00305498981670061
7	0.0331244404655327	0.0877350044762757	0.0322291853178156	0.846911369740376
8	0.0126903553299492	0.101522842639594	0.781725888324873	0.104060913705584
9	0.99796126401631	0.0	0.00101936799184506	0.00101936799184506
10	0.676200204290092	0.0531154239019408	0.00715015321756895	0.263534218590398
11	0.436159346271706	0.0643513789581205	0.0500510725229826	0.449438202247191
12	0.292134831460674	0.00510725229826353	0.0541368743615935	0.648621041879469
13	0.00203873598369011	0.0	0.0	0.99796126401631
14	0.112489660876758	0.760132340777502	0.110008271298594	0.0173697270471464
15	0.846636771300448	0.0358744394618834	0.0708520179372197	0.0466367713004484
16	0.00203873598369011	0.99796126401631	0.0	0.0
17	0.755208333333333	0.0190972222222222	0.224826388888889	0.000868055555555556
18	0.0	0.993908629441624	0.00609137055837563	0.0
19	0.101393188854489	0.658668730650155	0.147832817337461	0.0921052631578947
20	0.0573139435414885	0.174508126603935	0.0889649272882806	0.679213002566296
21	0.25	0.164285714285714	0.0959183673469388	0.489795918367347
