Pos	A	C	G	T
1	0.281924125960823	0.248648648648649	0.325316141829903	0.144111083560625
2	0.0	0.0	0.258594697944626	0.741405302055374
3	0.0	0.0	0.0	1.0
4	1.0	0.0	0.0	0.0
5	1.0	0.0	0.0	0.0
6	0.0	0.0	0.0	1.0
7	0.0	0.0	0.0	1.0
8	0.989352828614886	0.0106471713851136	0.0	0.0
9	0.22376512596707	0.77623487403293	0.0	0.0
10	0.580463260171771	0.294178884358463	0.0209508111390648	0.104407044330702
11	0.0925861641457972	0.182940738904042	0.459459459459459	0.265013637490702
12	0.222117530374411	0.219588395735185	0.143268038680883	0.415026035209521
13	0.186318465449503	0.0346198289808181	0.0333718511670904	0.745689854402588
14	0.330357585676735	0.215394534543471	0.251549868571145	0.202698011208649
