Pos	A	C	G	T
1	0.220264317180617	0.33568281938326	0.322466960352423	0.1215859030837
2	0.0701581027667984	0.0108695652173913	0.358201581027668	0.560770750988142
3	0.0	0.00351185250219491	0.0	0.996488147497805
4	0.953781512605042	0.0201680672268908	0.0260504201680672	0.0
5	0.892295597484277	0.0495283018867925	0.044811320754717	0.0133647798742138
6	0.0	0.0205254515599343	0.0476190476190476	0.931855500821018
7	0.0	0.0438079191238416	0.0	0.956192080876158
8	0.989537925021796	0.010462074978204	0.0	0.0
9	0.162995594713656	0.837004405286344	0.0	0.0
10	0.417238749046529	0.448512585812357	0.0640732265446224	0.0701754385964912
11	0.0907488986784141	0.144493392070485	0.509251101321586	0.255506607929515
12	0.213215859030837	0.26784140969163	0.175330396475771	0.343612334801762
13	0.30564263322884	0.0736677115987461	0.036833855799373	0.583855799373041
14	0.253968253968254	0.225749559082892	0.21957671957672	0.300705467372134
