Pos	A	C	G	T
1	0.297778117126059	0.159273115980759	0.348018630220661	0.19493013667252
2	0.822588141557665	0.0462120709116261	0.064670340614833	0.0665294469158754
3	0.141329011345219	0.0237925445705024	0.781977309562399	0.0529011345218801
4	0.000227928886187509	0.00600212733627108	0.993086157118979	0.000683786658562529
5	0.000601413321305067	0.0173658096526838	0.00909637648473914	0.972936400541272
6	0.00030511060259344	0.00030511060259344	0.998474446987033	0.00091533180778032
7	0.0288488210818308	0.0830790568654646	0.0105409153952843	0.87753120665742
8	0.00743470801296308	0.131727775306602	0.721865666899663	0.138971849780771
9	0.993023432168044	0.000454993554257981	0.00545992265109578	0.00106165162660196
10	0.761261261261261	0.0608489845777981	0.0151931592609559	0.162696594899985
11	0.428735017940301	0.0692419268646462	0.0668753339949614	0.435147721200092
12	0.167035651576456	0.0146576074509505	0.0607679975570654	0.757538743415528
13	0.00128895291530821	0.0054590947001289	0.000227462279172037	0.993024490105391
14	0.148533046068057	0.712692478296686	0.129396109245295	0.00937836638996261
15	0.880434026570216	0.0105028865549141	0.082771092717535	0.0262919941573346
16	0.000991533826557852	0.998627107009381	0.000381359164060712	0.0
17	0.972645975802209	0.00924325542947321	0.0176598782595626	0.000450890508754791
18	0.000531632110579479	0.993468519784309	0.00592390066074277	7.5947444368497e-05
19	0.0564249074735407	0.780988247516395	0.0235698980585676	0.139016946951497
20	0.0648573139093993	0.0663872813144416	0.0439034124925165	0.824851992283643
21	0.191388655622567	0.350637453240705	0.154820978700664	0.303152912436064
