Pos	A	C	G	T
1	0.372881	0.084746	0.364407	0.177966
2	0.090395	0.022599	0.751412	0.135593
3	0.251412	0.059322	0.259887	0.429379
4	0.884181	0.0	0.033898	0.081921
5	0.0	1.0	0.0	0.0
6	0.607345	0.0	0.220339	0.172316
7	0.076271	0.163842	0.172316	0.587571
8	0.09322	0.265537	0.084746	0.556497
9	0.220339	0.231638	0.231638	0.316384
10	0.084746	0.146893	0.033898	0.734463
11	0.0	0.0	1.0	0.0
12	0.036723	0.00565	0.022599	0.935028
13	0.262712	0.127119	0.172316	0.437853
14	0.087571	0.737288	0.0	0.175141
15	0.081921	0.367232	0.121469	0.429379
