Pos	A	C	G	T
1	0.333596292278868	0.126417513065773	0.289320579824475	0.250665614830885
2	0.698464081548316	0.0365038914525794	0.158619739651491	0.106412287347613
3	0.0965433729634522	0.205746367239102	0.558179216204315	0.139531043593131
4	0.0	0.00716915326487115	0.982464638635923	0.0103662080992056
5	0.00347085272540822	0.192395677210697	0.00418079987378717	0.799952670190108
6	0.0	0.0	1.0	0.0
7	0.0525801952580195	0.217782426778243	0.0224546722454672	0.707182705718271
8	0.0321175152495954	0.111602141167683	0.631208763849122	0.225071579733599
9	0.902866809116809	0.0145121082621083	0.0585826210826211	0.0240384615384615
10	0.372287968441815	0.19861932938856	0.112820512820513	0.316272189349112
