Pos	A	C	G	T
1	0.237154760067891	0.157383119888906	0.181607776577689	0.423854343465515
2	0.0727501142074006	0.12768387391503	0.0592736409319324	0.740292370945637
3	0.274341463414634	0.421593495934959	0.221983739837398	0.0820813008130081
4	0.690088363675077	0.0250186308953476	0.222719046098158	0.062173959331417
5	0.0042456406368461	0.982865807429871	0.00318423047763457	0.00970432145564822
6	0.797686438592173	0.0049224710804824	0.194929854787103	0.0024612355402412
7	0.0107190710138455	0.965014143218699	0.0159297305344648	0.00833705523299092
8	0.0692038893953206	0.492403524764509	0.292996049832878	0.145396536007293
9	0.146791543026706	0.161721068249258	0.0904117210682493	0.601075667655786
10	0.251889557303717	0.28690421101342	0.151164584297393	0.31004164738547
