Pos	A	C	G	T
1	0.39130434782609	0.39130434782609	0.21739130434783	0.0
2	0.52173913043478	0.1304347826087	0.21739130434783	0.1304347826087
3	0.47826086956522	0.26086956521739	0.08695652173913	0.17391304347826
4	0.47826086956522	0.26086956521739	0.043478260869565	0.21739130434783
5	0.43478260869565	0.26086956521739	0.30434782608696	0.0
6	0.0	1.0	0.0	0.0
7	1.0	0.0	0.0	0.0
8	0.0	0.91304347826087	0.043478260869565	0.043478260869565
9	0.043478260869565	0.95652173913043	0.0	0.0
10	0.0	0.0	0.0	1.0
11	0.0	0.043478260869565	0.95652173913043	0.0
12	0.39130434782609	0.43478260869565	0.043478260869565	0.1304347826087
13	0.08695652173913	0.17391304347826	0.47826086956522	0.26086956521739
14	0.21739130434783	0.43478260869565	0.21739130434783	0.1304347826087
15	0.1304347826087	0.73913043478261	0.08695652173913	0.043478260869565
