Pos	A	C	G	T
1	0.066091954022989	0.33045977011494	0.2801724137931	0.32327586206897
2	0.21017402945114	0.10307898259705	0.35073627844712	0.33601070950469
3	0.077326343381389	0.013106159895151	0.87287024901704	0.036697247706422
4	0.017038007863696	0.9829619921363	0.0	0.0
5	0.024901703800786	0.026212319790301	0.0013106159895151	0.9475753604194
6	0.79947575360419	0.018348623853211	0.013106159895151	0.16906946264744
7	0.083879423328965	0.91612057667104	0.0	0.0
8	0.10878112712975	0.35124508519004	0.0	0.53997378768021
9	0.062909567496723	0.0013106159895151	0.8781127129751	0.057667103538663
10	0.044560943643512	0.055045871559633	0.36959370904325	0.5307994757536
11	0.1913499344692	0.072083879423329	0.35779816513761	0.37876802096986
12	0.1127129750983	0.3132372214941	0.18479685452163	0.38925294888598
13	0.20707732634338	0.12844036697248	0.29619921363041	0.36828309305374
14	0.216	0.172	0.25466666666667	0.35733333333333
