Pos	A	C	G	T
1	0.34883720930233	0.069767441860465	0.3953488372093	0.18604651162791
2	0.58139534883721	0.23255813953488	0.13953488372093	0.046511627906977
3	0.0	0.0	0.0	1.0
4	0.0	0.0	0.76744186046512	0.23255813953488
5	1.0	0.0	0.0	0.0
6	0.093023255813953	0.41860465116279	0.48837209302326	0.0
7	0.0	0.0	0.023255813953488	0.97674418604651
8	0.0	1.0	0.0	0.0
9	1.0	0.0	0.0	0.0
10	0.0	0.55813953488372	0.023255813953488	0.41860465116279
11	0.069767441860465	0.6046511627907	0.23255813953488	0.093023255813953
