Pos	A	C	G	T
1	0.28465346534653	0.16336633663366	0.36138613861386	0.19059405940594
2	0.1150234741784	0.070422535211268	0.48826291079812	0.32629107981221
3	0.1002331002331	0.56643356643357	0.14452214452214	0.18881118881119
4	0.076923076923077	0.79254079254079	0.1025641025641	0.027972027972028
5	0.020979020979021	0.0	0.89277389277389	0.086247086247086
6	0.0	1.0	0.0	0.0
7	0.0	1.0	0.0	0.0
8	1.0	0.0	0.0	0.0
9	0.023310023310023	0.0	0.0	0.97668997668998
10	0.15384615384615	0.20979020979021	0.12121212121212	0.51515151515152
11	0.27972027972028	0.013986013986014	0.13752913752914	0.56876456876457
12	0.055944055944056	0.18648018648019	0.060606060606061	0.6969696969697
13	0.076923076923077	0.13519813519814	0.47552447552448	0.31235431235431
14	0.15165876777251	0.2085308056872	0.37677725118483	0.26303317535545
15	0.21158690176322	0.24181360201511	0.18891687657431	0.35768261964736
