Pos	A	C	G	T
1	0.23280423280423	0.11992945326279	0.49911816578483	0.14814814814815
2	0.25326797385621	0.042483660130719	0.64705882352941	0.05718954248366
3	0.13888888888889	0.75653594771242	0.044117647058824	0.060457516339869
4	0.11928104575163	0.75490196078431	0.029411764705882	0.09640522875817
5	0.70915032679739	0.24346405228758	0.03921568627451	0.0081699346405229
6	0.0081699346405229	0.99183006535948	0.0	0.0
7	0.20588235294118	0.0016339869281046	0.76470588235294	0.027777777777778
8	0.029411764705882	0.96078431372549	0.0081699346405229	0.0016339869281046
9	0.047385620915033	0.94607843137255	0.0	0.0065359477124183
10	0.029411764705882	0.91176470588235	0.0	0.058823529411765
11	0.45098039215686	0.19607843137255	0.058823529411765	0.29411764705882
12	0.18137254901961	0.19771241830065	0.18137254901961	0.43954248366013
13	0.15318416523236	0.24440619621343	0.24440619621343	0.35800344234079
14	0.1705565529623	0.25493716337522	0.2818671454219	0.29263913824057
