Pos	A	C	G	T
1	0.18181818181818	0.045454545454545	0.59090909090909	0.18181818181818
2	0.27272727272727	0.45454545454545	0.090909090909091	0.18181818181818
3	0.0	0.59090909090909	0.0	0.40909090909091
4	0.54545454545455	0.45454545454545	0.0	0.0
5	0.0	1.0	0.0	0.0
6	0.045454545454545	0.0	0.86363636363636	0.090909090909091
7	0.045454545454545	0.95454545454545	0.0	0.0
8	0.0	1.0	0.0	0.0
9	0.0	0.86363636363636	0.0	0.13636363636364
10	0.54545454545455	0.31818181818182	0.0	0.13636363636364
11	0.045454545454545	0.63636363636364	0.13636363636364	0.18181818181818
