Pos	A	C	G	T
1	0.63636363636364	0.090909090909091	0.27272727272727	0.0
2	0.090909090909091	0.36363636363636	0.0	0.54545454545455
3	0.81818181818182	0.090909090909091	0.090909090909091	0.0
4	1.0	0.0	0.0	0.0
5	1.0	0.0	0.0	0.0
6	0.090909090909091	0.0	0.0	0.90909090909091
7	0.0	1.0	0.0	0.0
8	0.72727272727273	0.0	0.0	0.27272727272727
9	0.090909090909091	0.63636363636364	0.27272727272727	0.0
10	0.45454545454545	0.0	0.27272727272727	0.27272727272727
11	0.18181818181818	0.0	0.81818181818182	0.0
12	0.090909090909091	0.81818181818182	0.0	0.090909090909091
13	0.72727272727273	0.0	0.090909090909091	0.18181818181818
14	0.090909090909091	0.45454545454545	0.090909090909091	0.36363636363636
15	0.18181818181818	0.27272727272727	0.27272727272727	0.27272727272727
16	0.090909090909091	0.81818181818182	0.0	0.090909090909091
