Pos	A	C	G	T
1	0.31578947368421	0.42105263157895	0.0	0.26315789473684
2	0.0	0.15789473684211	0.52631578947368	0.31578947368421
3	0.10526315789474	0.26315789473684	0.15789473684211	0.47368421052632
4	0.15789473684211	0.0	0.0	0.84210526315789
5	0.84210526315789	0.0	0.10526315789474	0.052631578947368
6	1.0	0.0	0.0	0.0
7	0.0	0.26315789473684	0.0	0.73684210526316
8	0.15789473684211	0.21052631578947	0.26315789473684	0.36842105263158
9	0.36842105263158	0.0	0.31578947368421	0.31578947368421
10	0.15789473684211	0.0	0.10526315789474	0.73684210526316
11	0.052631578947368	0.0	0.36842105263158	0.57894736842105
12	0.0	0.31578947368421	0.052631578947368	0.63157894736842
