Pos	A	C	G	T
1	0.21744522529971	0.26622571310459	0.26209177346011	0.25423728813559
2	0.11547811993517	0.35737439222042	0.1146677471637	0.41247974068071
3	0.05226904376013	0.0	0.0	0.94773095623987
4	0.98946515397083	0.0	0.010534846029173	0.0
5	1.0	0.0	0.0	0.0
6	0.0	0.0	0.15113452188006	0.84886547811994
7	0.063209076175041	0.012155591572123	0.4371961102107	0.48743922204214
8	0.30118998768978	0.047189167008617	0.59540418547394	0.056216659827657
9	0.34576067348166	0.26939266386049	0.26337943475646	0.12146722790138
