Pos	A	C	G	T
1	0.148148148148	0.148148148148	0.148148148148	0.555555555556
2	0.111111111111	0.037037037037	0.0	0.851851851852
3	0.518518518518948	0.0740740740740926	0.407407407406959	0.0
4	0.407407407407407	0.111111111111111	0.259259259259259	0.222222222222222
5	0.296296296296267	0.0740740740741667	0.481481481481433	0.148148148148133
6	0.0	0.518518518519	0.0	0.481481481481
7	0.962962962963	0.037037037037	0.0	0.0
8	1.0	0.0	0.0	0.0
9	1.0	0.0	0.0	0.0
10	0.0	0.814814814815	0.0	0.185185185185
11	0.888888888889	0.0	0.0	0.111111111111
