Pos	A	C	G	T
1	0.0	0.888888888889	0.0	0.111111111111
2	0.111111111111	0.888888888889	0.0	0.0
3	0.0	1.0	0.0	0.0
4	0.0	1.0	0.0	0.0
5	0.111111111111	0.777777777778	0.0	0.111111111111
6	0.0	0.111111111111	0.277777777778	0.611111111111
7	0.333333333333	0.0	0.0	0.666666666667
8	0.1666666666669	0.0555555555555667	0.555555555555667	0.222222222221867
9	0.111111111111044	0.0555555555556222	0.833333333333333	0.0
10	0.0	0.222222222222	0.777777777778	0.0
11	0.0555555555556222	0.944444444444378	0.0	0.0
12	0.0	1.0	0.0	0.0
13	0.0555555555555667	0.777777777777533	0.0	0.1666666666669
14	0.0	1.0	0.0	0.0
