Pos	A	C	G	T
1	0.56379018612521	0.03824027072758	0.31878172588832	0.079187817258883
2	0.0	0.40812182741117	0.59187817258883	0.0
3	0.0	0.97935702199662	0.0	0.020642978003384
4	0.020981387478849	0.0	0.97901861252115	0.0
5	0.0	0.0	0.086971235194585	0.91302876480541
6	0.1756345177665	0.0	0.8243654822335	0.0
7	0.94686971235195	0.0	0.0084602368866328	0.044670050761421
8	0.059880239520958	0.93781667434362	0.00046061722708429	0.0018424689083372
9	0.076850984067479	0.082005623242737	0.80693533270853	0.034208059981256
