Pos	A	C	G	T
1	0.31578947368421	0.0	0.21052631578947	0.47368421052632
2	0.052631578947368	0.052631578947368	0.26315789473684	0.63157894736842
3	0.15789473684211	0.21052631578947	0.31578947368421	0.31578947368421
4	0.0	0.15789473684211	0.21052631578947	0.63157894736842
5	0.36842105263158	0.10526315789474	0.10526315789474	0.42105263157895
6	0.0	0.31578947368421	0.52631578947368	0.15789473684211
7	0.10526315789474	0.31578947368421	0.47368421052632	0.10526315789474
8	0.21052631578947	0.31578947368421	0.21052631578947	0.26315789473684
9	0.10526315789474	0.0	0.89473684210526	0.0
10	0.052631578947368	0.0	0.94736842105263	0.0
11	0.0	0.0	1.0	0.0
12	0.0	0.0	0.89473684210526	0.10526315789474
13	0.0	0.052631578947368	0.0	0.94736842105263
14	0.0	1.0	0.0	0.0
15	1.0	0.0	0.0	0.0
