Pos	A	C	G	T
1	0.33333333333333	0.66666666666667	0.0	0.0
2	0.66666666666667	0.33333333333333	0.0	0.0
3	0.33333333333333	0.0	0.66666666666667	0.0
4	0.0	0.0	0.33333333333333	0.66666666666667
5	0.0	0.66666666666667	0.0	0.33333333333333
6	0.0	0.66666666666667	0.0	0.33333333333333
7	0.0	0.33333333333333	0.66666666666667	0.0
8	1.0	0.0	0.0	0.0
9	1.0	0.0	0.0	0.0
10	0.0	0.0	1.0	0.0
11	0.0	0.0	1.0	0.0
12	0.33333333333333	0.0	0.0	0.66666666666667
13	0.0	1.0	0.0	0.0
14	0.66666666666667	0.0	0.33333333333333	0.0
15	0.0	1.0	0.0	0.0
16	0.0	0.66666666666667	0.0	0.33333333333333
17	0.0	0.0	1.0	0.0
18	0.33333333333333	0.66666666666667	0.0	0.0
