Pos	A	C	G	T
1	0.20765	0.009107	0.245902	0.537341
2	0.103825	0.001821	0.01275	0.881603
3	0.047359	0.003643	0.001821	0.947177
4	0.03643	0.0	0.007286	0.956284
5	0.014572	0.001821	0.005464	0.978142
6	0.005464	0.003643	0.989071	0.001821
7	0.0	0.0	1.0	0.0
8	0.001821	0.998179	0.0	0.0
9	0.001821	0.0	0.996357	0.001821
10	0.001821	0.014572	0.983607	0.0
11	0.0	0.010929	0.98725	0.001821
12	0.992714	0.0	0.007286	0.0
13	1.0	0.0	0.0	0.0
14	0.958106	0.01275	0.010929	0.018215
15	0.774135	0.051002	0.021858	0.153005
