Pos	A	C	G	T
1	0.608696	0.088629	0.247492	0.055184
2	0.0	0.008361	0.983278	0.008361
3	0.963211	0.005017	0.010033	0.021739
4	0.938127	0.0	0.005017	0.056856
5	0.128763	0.19398	0.548495	0.128763
6	0.17893	0.416388	0.205686	0.198997
7	0.090301	0.026756	0.006689	0.876254
8	0.021739	0.0	0.0	0.978261
9	0.0	0.998328	0.001672	0.0
10	0.006689	0.132107	0.048495	0.812709
11	0.804348	0.025084	0.165552	0.005017
12	0.020067	0.006689	0.971572	0.001672
13	0.978261	0.005017	0.005017	0.011706
14	0.804348	0.045151	0.058528	0.091973
