Pos	A	C	G	T
1	0.429048	0.081803	0.101836	0.387312
2	0.225376	0.038397	0.046745	0.689482
3	0.100167	0.068447	0.001669	0.829716
4	0.09015	0.288815	0.068447	0.552588
5	0.487479	0.220367	0.178631	0.113523
6	0.933222	0.010017	0.043406	0.013356
7	0.924875	0.023372	0.001669	0.050083
8	0.858097	0.0	0.023372	0.118531
9	0.016694	0.001669	0.011686	0.96995
10	0.0	0.0	0.0	1.0
11	0.0	0.530885	0.0	0.469115
12	0.72621	0.001669	0.27212	0.0
13	1.0	0.0	0.0	0.0
14	1.0	0.0	0.0	0.0
15	0.297162	0.155259	0.016694	0.530885
