Pos	A	C	G	T
1	0.0	0.0	1.0	0.0
2	0.0	1.0	0.0	0.0
3	0.0	0.0	0.6	0.4
4	0.0	0.2	0.0	0.8
5	0.2	0.2	0.2	0.4
6	0.0	1.0	0.0	0.0
7	0.2	0.2	0.2	0.4
8	0.0	1.0	0.0	0.0
9	0.8	0.2	0.0	0.0
10	0.0	0.2	0.6	0.2
11	0.2	0.6	0.2	0.0
12	0.0	0.8	0.0	0.2
13	0.0	0.6	0.4	0.0
14	0.4	0.4	0.0	0.2
15	0.6	0.4	0.0	0.0
16	0.0	0.0	1.0	0.0
17	0.4	0.0	0.6	0.0
18	0.4	0.6	0.0	0.0
19	0.8	0.0	0.2	0.0
20	0.0	0.0	0.0	1.0
21	0.0	0.0	0.6	0.4
22	0.0	0.6	0.0	0.4
23	0.0	1.0	0.0	0.0
24	1.0	0.0	0.0	0.0
25	0.2	0.0	0.8	0.0
26	0.8	0.0	0.2	0.0
27	0.0	0.2	0.8	0.0
28	0.0	0.0	0.8	0.2
