Pos	A	C	G	T
1	0.217857	0.0692857	0.663571	0.0492857
2	0.809286	0.0321429	0.115	0.0435714
3	0.197857	0.0378571	0.706429	0.0578571
4	0.852143	0.0407143	0.0607143	0.0464286
5	0.909286	0.00928571	0.0378571	0.0435714
6	0.349286	0.00357143	0.640714	0.00642857
7	0.0121429	0.00642857	0.000714286	0.980714
8	0.0321429	0.900714	0.000714286	0.0664286
9	0.483571	0.0292857	0.0464286	0.440714
10	0.035	0.00928571	0.886429	0.0692857
11	0.0321429	0.857857	0.0207143	0.0892857
12	0.075	0.0835714	0.0292857	0.812143
13	0.0778571	0.000714286	0.915	0.00642857
14	0.0407143	0.0578571	0.00928571	0.892143
15	0.0978571	0.523571	0.0121429	0.366429
16	0.797857	0.075	0.0492857	0.0778571
17	0.317857	0.0807143	0.243571	0.357857
18	0.0521429	0.135	0.015	0.797857
19	0.0235714	0.837857	0.015	0.123571
20	0.0864286	0.0692857	0.0692857	0.775
21	0.175	0.135	0.0635714	0.626429
22	0.752143	0.0578571	0.0807143	0.109286
23	0.0578571	0.215	0.035	0.692143
24	0.120714	0.226429	0.106429	0.546429
