Pos	A	C	G	T
1	0.214285714286	0.285714285714	0.214285714286	0.285714285714
2	0.0714285714285857	0.4999999999999	0.0714285714285857	0.357142857142929
3	0.0	0.214285714286	0.428571428571	0.357142857143
4	0.5000000000002	0.142857142857057	0.0714285714286286	0.285714285714114
5	0.214285714285786	0.214285714285786	0.357142857142643	0.214285714285786
6	0.428571428571	0.0	0.571428571429	0.0
7	0.714285714285571	0.0714285714285571	0.0	0.214285714285871
8	0.857142857142828	0.0	0.0714285714285857	0.0714285714285857
9	0.0	0.0	0.0	1.0
10	0.0714285714285857	0.0714285714285857	0.571428571428886	0.285714285713943
11	0.285714285713943	0.0714285714285857	0.0714285714285857	0.571428571428886
12	0.214285714285786	0.571428571428429	0.0	0.214285714285786
