Pos	A	C	G	T
1	0.0146552	0.190517	0.607759	0.187069
2	0.0112069	0.50431	0.366379	0.118103
3	0.111207	0.573276	0.0422414	0.273276
4	0.0560345	0.418103	0.0525862	0.473276
5	0.10431	0.266379	0.335345	0.293966
6	0.000862069	0.452586	0.00431034	0.542241
7	0.000862069	0.0732759	0.0146552	0.911207
8	0.000862069	0.497414	0.00775862	0.493966
9	0.000862069	0.70431	0.293966	0.000862069
10	0.000862069	0.187069	0.000862069	0.811207
11	0.000862069	0.64569	0.000862069	0.352586
12	0.159483	0.276724	0.062931	0.500862
13	0.000862069	0.893966	0.000862069	0.10431
14	0.0974138	0.462931	0.225	0.214655
15	0.162931	0.490517	0.187069	0.159483
