Pos	A	C	G	T
1	0.592771	0.0535722	0.221686	0.131971
2	0.190326	0.00130664	0.194689	0.613678
3	0.368029	0.0953847	0.00130664	0.535279
4	0.00130664	0.0744785	0.0439827	0.880232
5	0.99608	0.00130664	0.00130664	0.00130664
6	0.0640254	0.00130664	0.362803	0.571865
7	0.100611	0.288767	0.0492092	0.561412
8	0.00130664	0.724299	0.00130664	0.273088
9	0.16942	0.827967	0.00130664	0.00130664
10	0.69294	0.304447	0.00130664	0.00130664
11	0.00130664	0.00130664	0.00130664	0.99608
12	0.00130664	0.00130664	0.00130664	0.99608
