Pos	A	C	G	T
1	0.098901	0.21978	0.087912	0.593407
2	0.340659	0.318681	0.065934	0.274725
3	0.362637	0.120879	0.065934	0.450549
4	0.164835	0.065934	0.065934	0.703297
5	0.208791	0.241758	0.142857	0.406593
6	0.175824	0.230769	0.131868	0.461538
7	0.296703	0.153846	0.043956	0.505495
8	0.120879	0.197802	0.208791	0.472527
9	0.153846	0.186813	0.043956	0.615385
10	0.307692	0.054945	0.120879	0.516484
11	0.21978	0.274725	0.10989	0.395604
12	0.505495	0.21978	0.076923	0.197802
13	0.087912	0.197802	0.021978	0.692308
14	0.164835	0.274725	0.142857	0.417582
15	0.285714	0.10989	0.0	0.604396
16	0.032967	0.043956	0.043956	0.879121
17	0.021978	0.0	0.0	0.978022
18	0.065934	0.043956	0.186813	0.703297
19	0.142857	0.263736	0.043956	0.549451
20	0.065934	0.285714	0.10989	0.538462
21	0.175824	0.0	0.032967	0.791209
22	0.0	0.010989	0.054945	0.934066
23	0.153846	0.186813	0.0	0.659341
24	0.274725	0.142857	0.098901	0.483516
25	0.021978	0.087912	0.021978	0.868132
26	0.131868	0.21978	0.0	0.648352
27	0.065934	0.054945	0.054945	0.824176
28	0.0	0.285714	0.021978	0.692308
29	0.043956	0.043956	0.010989	0.901099
30	0.120879	0.10989	0.076923	0.692308
