Pos	A	C	G	T
1	0.083333	0.694444	0.111111	0.111111
2	0.333333	0.027778	0.527778	0.111111
3	0.083333	0.0	0.472222	0.444444
4	0.5	0.166667	0.277778	0.055556
5	0.416667	0.388889	0.166667	0.027778
6	0.583333	0.0	0.416667	0.0
7	0.194444	0.5	0.083333	0.222222
8	0.083333	0.777778	0.138889	0.0
9	0.111111	0.638889	0.111111	0.138889
10	0.361111	0.388889	0.194444	0.055556
11	0.055556	0.5	0.138889	0.305556
12	0.166667	0.722222	0.083333	0.027778
13	0.472222	0.083333	0.388889	0.055556
14	0.0	0.027778	0.916667	0.055556
15	0.083333	0.0	0.75	0.166667
16	0.166667	0.166667	0.583333	0.083333
17	0.0	0.972222	0.027778	0.0
18	0.0	0.888889	0.027778	0.083333
19	0.083333	0.416667	0.277778	0.222222
20	0.25	0.194444	0.444444	0.111111
21	0.027778	0.0	0.972222	0.0
22	0.888889	0.0	0.111111	0.0
23	0.083333	0.0	0.916667	0.0
24	0.0	0.944444	0.027778	0.027778
25	0.027778	0.888889	0.0	0.083333
26	0.277778	0.138889	0.138889	0.444444
27	0.083333	0.083333	0.194444	0.638889
28	0.027778	0.194444	0.111111	0.666667
29	0.0	0.222222	0.305556	0.472222
