Pos	A	C	G	T
1	0.213929	0.491969	0.17382	0.120282
2	0.251316	0.255309	0.127178	0.366198
3	0.243874	0.297777	0.214474	0.243874
4	0.172006	0.112296	0.0600272	0.655671
5	0.10304	0.573093	0.085799	0.238067
6	0.120282	0.203585	0.393239	0.282895
7	0.137523	0.359301	0.0462341	0.456942
8	0.24206	0.136978	0.19324	0.427722
9	0.0329858	0.0799918	0.592149	0.294873
10	0.0749096	0.000862066	0.0667434	0.857485
11	0.0669237	0.000862066	0.927904	0.00431033
12	0.0916062	0.837885	0.00884792	0.0616612
13	0.0162891	0.528266	0.000862066	0.454583
14	0.275998	0.038793	0.119192	0.566017
15	0.000862066	0.00830325	0.0260892	0.964745
16	0.000862066	0.000862066	0.000862066	0.997414
17	0.00830325	0.000862066	0.989428	0.00140673
18	0.000862066	0.714837	0.0491377	0.235164
19	0.0754542	0.679809	0.000862066	0.243874
20	0.417377	0.202495	0.0852544	0.294873
21	0.0743649	0.186343	0.0674684	0.671823
