Pos	A	C	G	T
1	0.00272926	0.000545852	0.996179	0.000545852
2	0.0332969	0.0158297	0.000545852	0.950328
3	0.0136463	0.000545852	0.985262	0.000545852
4	0.0529476	0.000545852	0.911026	0.0354803
5	0.151201	0.0180131	0.808406	0.0223799
6	0.993996	0.00272926	0.00272926	0.000545852
7	0.924127	0.0223799	0.0507642	0.00272926
8	0.849891	0.000545852	0.146834	0.00272926
9	0.0966157	0.175218	0.51583	0.212336
10	0.00927948	0.788755	0.0966157	0.105349
11	0.0725983	0.812773	0.0223799	0.0922489
12	0.0201965	0.100983	0.0201965	0.858624
