Pos	A	C	G	T
1	0.00101626	0.553862	0.102642	0.34248
2	0.00101626	0.444106	0.175813	0.379065
3	0.0050813	0.204268	0.240854	0.549797
4	0.0538618	0.244919	0.468496	0.232724
5	0.0172764	0.346545	0.139228	0.496951
6	0.074187	0.253049	0.114837	0.557927
7	0.0416667	0.533537	0.074187	0.35061
8	0.00101626	0.33435	0.0050813	0.659553
9	0.00101626	0.00914634	0.0376016	0.952236
10	0.00101626	0.0457317	0.89126	0.0619919
11	0.41565	0.131098	0.0416667	0.411585
12	0.00101626	0.988821	0.00914634	0.00101626
13	0.00101626	0.38313	0.00101626	0.614837
14	0.00101626	0.309959	0.00101626	0.688008
15	0.0132114	0.248984	0.00101626	0.736789
