Pos	A	C	G	T
1	0.130377	0.14819	0.139516	0.581918
2	0.258068	0.0903599	0.260495	0.391078
3	0.145299	0.0614447	0.535653	0.257603
4	0.0787938	0.0643362	0.53808	0.31879
5	0.220478	0.0961429	0.532297	0.151082
6	0.153973	0.263851	0.119275	0.462901
7	0.0469871	0.801673	0.0412041	0.110136
8	0.00361439	0.113492	0.119275	0.763619
9	0.023855	0.0985699	0.845046	0.0325296
10	0.000722879	0.0209635	0.00939743	0.968916
11	0.657097	0.0209635	0.208912	0.113027
12	0.0556617	0.425776	0.390613	0.12795
13	0.00650591	0.0151805	0.00361439	0.974699
14	0.443125	0.00650591	0.445552	0.104817
15	0.260959	0.252285	0.278308	0.208448
16	0.0267465	0.0667632	0.023855	0.882635
17	0.0585532	0.0267465	0.581918	0.332783
18	0.0412041	0.222905	0.2812	0.454691
19	0.0585532	0.864822	0.0151805	0.0614447
20	0.104817	0.136624	0.0151805	0.743378
21	0.0527702	0.844581	0.0122889	0.0903599
