Pos	A	C	G	T
1	0.0926295	0.100598	0.62251	0.184263
2	0.275896	0.618526	0.0328685	0.0727092
3	0.419323	0.172311	0.383466	0.0249004
4	0.000996016	0.000996016	0.554781	0.443227
5	0.000996016	0.000996016	0.0209163	0.977092
6	0.0408367	0.224104	0.694223	0.0408367
7	0.000996016	0.997012	0.000996016	0.000996016
8	0.000996016	0.000996016	0.000996016	0.997012
9	0.0129482	0.000996016	0.925299	0.060757
10	0.000996016	0.993028	0.000996016	0.00498008
11	0.000996016	0.124502	0.0209163	0.853586
12	0.11255	0.427291	0.311753	0.148406
