Pos	A	C	G	T
1	0.477594	0.166274	0.0389151	0.317217
2	0.633255	0.133255	0.0436321	0.189858
3	0.227594	0.0153302	0.274764	0.482311
4	0.21816	0.194575	0.288915	0.298349
5	0.067217	0.288915	0.0389151	0.604953
6	0.0106132	0.298349	0.0341981	0.65684
7	0.246462	0.288915	0.199292	0.26533
8	0.35967	0.378538	0.21816	0.0436321
9	0.137972	0.053066	0.00117925	0.807783
10	0.642689	0.321934	0.0294811	0.00589623
11	0.0200472	0.00117925	0.00117925	0.977594
12	0.00117925	0.00117925	0.00117925	0.996462
13	0.00117925	0.0200472	0.0294811	0.949292
14	0.00589623	0.935142	0.00117925	0.057783
15	0.0908019	0.614387	0.00117925	0.293632
