Pos	A	C	G	T
1	0.399123	0.229532	0.241228	0.130117
2	0.305556	0.369883	0.0891813	0.23538
3	0.557018	0.124269	0.188596	0.130117
4	0.393275	0.334795	0.153509	0.118421
5	0.475146	0.0423977	0.428363	0.0540936
6	0.0833333	0.0891813	0.0774854	0.75
7	0.510234	0.176901	0.141813	0.171053
8	0.410819	0.270468	0.135965	0.182749
9	0.0365497	0.0190058	0.679825	0.26462
10	0.0891813	0.0833333	0.767544	0.0599415
11	0.0540936	0.440058	0.0365497	0.469298
12	0.0423977	0.0423977	0.0774854	0.837719
13	0.252924	0.527778	0.159357	0.0599415
14	0.23538	0.194444	0.0190058	0.55117
15	0.0891813	0.130117	0.217836	0.562865
16	0.258772	0.241228	0.451754	0.0482456
17	0.0716374	0.141813	0.0190058	0.767544
18	0.0190058	0.0190058	0.960526	0.00146199
19	0.100877	0.440058	0.23538	0.223684
20	0.0657895	0.510234	0.00146199	0.422515
21	0.0716374	0.744152	0.118421	0.0657895
22	0.0248538	0.942982	0.00146199	0.0307018
23	0.0131579	0.650585	0.00730994	0.328947
24	0.0307018	0.0190058	0.153509	0.796784
25	0.00730994	0.211988	0.697368	0.0833333
26	0.0891813	0.656433	0.0540936	0.200292
27	0.305556	0.182749	0.124269	0.387427
