Pos	A	C	G	T
1	0.242045	0.0875	0.569318	0.101136
2	0.119318	0.228409	0.292045	0.360227
3	0.0875	0.460227	0.142045	0.310227
4	0.0375	0.323864	0.0420455	0.596591
5	0.0784091	0.269318	0.173864	0.478409
6	0.0193182	0.0920455	0.0829545	0.805682
7	0.201136	0.0375	0.705682	0.0556818
8	0.842045	0.0329545	0.110227	0.0147727
9	0.173864	0.0602273	0.714773	0.0511364
10	0.528409	0.0193182	0.428409	0.0238636
11	0.305682	0.182955	0.355682	0.155682
12	0.246591	0.0329545	0.519318	0.201136
13	0.0965909	0.205682	0.664773	0.0329545
14	0.0375	0.551136	0.0738636	0.3375
15	0.0602273	0.732955	0.0193182	0.1875
16	0.0193182	0.514773	0.0784091	0.3875
17	0.469318	0.182955	0.0375	0.310227
18	0.0965909	0.142045	0.523864	0.2375
19	0.542045	0.0738636	0.173864	0.210227
20	0.00113636	0.0147727	0.0102273	0.973864
21	0.0738636	0.114773	0.692045	0.119318
22	0.0329545	0.0465909	0.0329545	0.8875
23	0.201136	0.142045	0.0420455	0.614773
24	0.0784091	0.0147727	0.832955	0.0738636
25	0.151136	0.0102273	0.696591	0.142045
26	0.560227	0.00113636	0.210227	0.228409
27	0.132955	0.442045	0.0829545	0.342045
28	0.0420455	0.255682	0.0511364	0.651136
29	0.0465909	0.0875	0.0284091	0.8375
30	0.396591	0.0784091	0.314773	0.210227
