Pos	A	C	G	T
1	0.331044	0.281593	0.232143	0.15522
2	0.138736	0.160714	0.0508242	0.649725
3	0.210165	0.144231	0.407967	0.237637
4	0.0453297	0.0453297	0.0233516	0.885989
5	0.0288462	0.583791	0.00137363	0.385989
6	0.144231	0.567308	0.20467	0.0837912
7	0.688187	0.287088	0.0123626	0.0123626
8	0.0178571	0.00137363	0.0343407	0.946429
9	0.0178571	0.00137363	0.918956	0.0618132
10	0.65522	0.0508242	0.26511	0.0288462
11	0.858516	0.0233516	0.0618132	0.0563187
12	0.0288462	0.633242	0.127747	0.210165
13	0.902473	0.0343407	0.0563187	0.00686813
14	0.0123626	0.0673077	0.00137363	0.918956
15	0.26511	0.0178571	0.325549	0.391484
16	0.0233516	0.00137363	0.940934	0.0343407
17	0.100275	0.0288462	0.199176	0.671703
18	0.468407	0.309066	0.0782967	0.144231
19	0.15522	0.259615	0.0837912	0.501374
20	0.48489	0.0728022	0.226648	0.215659
21	0.105769	0.561813	0.0782967	0.254121
