Pos	A	C	G	T
1	0.311158688841311	0.167381832618167	0.233905766094234	0.287553712446287
2	0.012876	0.300429	0.686695	0.0
3	0.0	1.0	0.0	0.0
4	0.0	0.987124	0.0	0.012876
5	0.0450640450640451	0.326180326180326	0.0278970278970279	0.600858600858601
6	0.0772529227470773	0.452789547210453	0.429184570815429	0.0407729592270408
7	0.624463375536624	0.0557939442060558	0.28969971030029	0.03004296995703
8	0.111588	0.0	0.888412	0.0
9	0.0	0.0	1.0	0.0
10	0.0472100472100472	0.354077354077354	0.572961572961573	0.0257510257510258
11	0.126609	0.667382	0.109442	0.096567
12	0.682403682403682	0.100858100858101	0.0472100472100472	0.16952816952817
13	0.180258	0.238197	0.259657	0.321888
14	0.238197	0.11588	0.409871	0.236052
15	0.135193	0.255365	0.39485	0.214592
