Pos	A	C	G	T
1	0.0671206	0.0321012	0.888132	0.0126459
2	0.0787938	0.0282101	0.888132	0.00486381
3	0.88035	0.00875486	0.10214	0.00875486
4	0.000972763	0.00875486	0.9893	0.000972763
5	0.218872	0.650778	0.0710117	0.0593385
6	0.016537	0.0126459	0.919261	0.0515564
7	0.0282101	0.88035	0.0787938	0.0126459
8	0.000972763	0.907588	0.020428	0.0710117
9	0.000972763	0.386187	0.226654	0.386187
10	0.156615	0.518482	0.32393	0.000972763
11	0.164397	0.316148	0.183852	0.335603
12	0.117704	0.0632296	0.751946	0.0671206
13	0.207198	0.514591	0.234436	0.0437743
14	0.17607	0.592412	0.168288	0.0632296
15	0.133268	0.393969	0.343385	0.129377
16	0.144942	0.195525	0.518482	0.141051
17	0.0554475	0.425097	0.506809	0.0126459
18	0.125486	0.650778	0.129377	0.094358
