Pos	A	C	G	T
1	0.570235	0.0762734	0.320803	0.0326886
2	0.0181603	0.553256	0.00363207	0.424952
3	0.279669	0.0181603	0.698538	0.00363207
4	0.00363207	0.00363207	0.00363207	0.989104
5	0.858349	0.00363207	0.134387	0.00363207
6	0.00363207	0.989104	0.00363207	0.00363207
7	0.0472169	0.945519	0.00363207	0.00363207
8	0.686461	0.0472169	0.26269	0.00363207
9	0.00363207	0.715518	0.177971	0.102879
10	0.657404	0.0326886	0.131936	0.177971
11	0.0762734	0.0472169	0.34986	0.52665
12	0.00363207	0.190049	0.148915	0.657404
