Pos	A	C	G	T
1	0.111111	0.0	0.0	0.888889
2	0.0	0.333333	0.666667	0.0
3	0.0	0.0	0.0	1.0
4	0.0	0.0	1.0	0.0
5	0.0	0.0	0.0	1.0
6	0.111111	0.111111	0.777778	0.0
7	0.0	0.111111	0.0	0.888889
8	0.0	0.0	0.666667	0.333333
9	0.0	0.222222	0.222222	0.555556
10	0.0	0.222222	0.777778	0.0
11	0.111111	0.0	0.444444	0.444444
12	0.111111	0.111111	0.555556	0.222222
13	0.0	0.444444	0.222222	0.333333
14	0.555556	0.111111	0.333333	0.0
15	0.222222	0.0	0.111111	0.666667
16	0.0	0.333333	0.666667	0.0
17	0.111111	0.111111	0.111111	0.666667
18	0.0	0.0	0.888889	0.111111
19	0.0	0.0	0.111111	0.888889
20	0.444444	0.0	0.555556	0.0
21	0.0	0.0	0.111111	0.888889
22	0.0	0.0	1.0	0.0
23	0.111111	0.222222	0.111111	0.555556
24	0.333333	0.222222	0.444444	0.0
25	0.0	0.555556	0.0	0.444444
26	0.222222	0.333333	0.444444	0.0
27	0.444444	0.0	0.111111	0.444444
28	0.222222	0.0	0.777778	0.0
29	0.111111	0.0	0.0	0.888889
