Pos	A	C	G	T
1	0.084746	0.0	0.847458	0.067797
2	0.237288	0.305085	0.338983	0.118644
3	0.0	0.0	0.288136	0.711864
4	0.016949	0.0	0.983051	0.0
5	0.881356	0.0	0.101695	0.016949
6	0.0	0.0	1.0	0.0
7	0.016949	0.966102	0.0	0.016949
8	0.016949	0.016949	0.0	0.966102
9	0.0	0.627119	0.0	0.372881
10	0.135593	0.118644	0.101695	0.644068
11	0.084746	0.033898	0.0	0.881356
12	0.813559	0.033898	0.101695	0.050847
13	0.847458	0.152542	0.0	0.0
14	0.254237	0.0	0.661017	0.084746
15	0.0	0.0	1.0	0.0
16	0.0	0.762712	0.220339	0.016949
17	0.050847	0.932203	0.0	0.016949
18	0.610169	0.152542	0.0	0.237288
19	0.050847	0.813559	0.084746	0.050847
20	0.440678	0.152542	0.169492	0.237288
21	0.20339	0.152542	0.389831	0.254237
22	0.237288	0.20339	0.271186	0.288136
23	0.152542	0.389831	0.254237	0.20339
24	0.101695	0.288136	0.20339	0.40678
25	0.169492	0.220339	0.288136	0.322034
26	0.186441	0.288136	0.254237	0.271186
27	0.050847	0.254237	0.474576	0.220339
