Pos	A	C	G	T
1	0.0650599349400651	0.342168657831342	0.436144563855436	0.156626843373157
2	0.113252886747113	0.20963879036121	0.561445438554562	0.115662884337116
3	0.125301	0.366265	0.339759	0.168675
4	0.149398	0.363855	0.378313	0.108434
5	0.055422	0.033735	0.838554	0.072289
6	0.048193	0.768675	0.103614	0.079518
7	0.125301	0.653012	0.183133	0.038554
8	0.019277	0.0	0.954217	0.026506
9	0.007229	0.992771	0.0	0.0
10	0.0	1.0	0.0	0.0
11	0.995181	0.004819	0.0	0.0
12	0.0	0.0	0.0	1.0
13	0.0361449638550361	0.46987953012047	0.240963759036241	0.253011746988253
14	0.0771080771080771	0.0337350337350337	0.0506020506020506	0.838554838554839
15	0.0	0.110843	0.0	0.889157
