Pos	A	C	G	T
1	0.069252	0.049861	0.792244	0.088643
2	0.038781	0.739612	0.124654	0.096953
3	0.094183	0.68144	0.171745	0.052632
4	0.01662	0.0	0.961219	0.022161
5	0.00831	0.99169	0.0	0.0
6	0.00277	0.99723	0.0	0.0
7	0.99169	0.00831	0.0	0.0
8	0.0	0.0	0.0	1.0
9	0.0277010277010277	0.548476548476548	0.216066216066216	0.207756207756208
10	0.0332410332410332	0.036011036011036	0.0166200166200166	0.914127914127914
11	0.0	0.030471	0.0	0.969529
12	0.102493	0.063712	0.626039	0.207756
13	0.221606778393222	0.185595814404186	0.465373534626465	0.127423872576127
14	0.249307249307249	0.213296213296213	0.282548282548283	0.254848254848255
15	0.180055	0.180055	0.254848	0.385042
