Pos	A	C	G	T
1	0.115384884615115	0.311740688259312	0.220647779352221	0.352226647773352
2	0.168016	0.04251	0.469636	0.319838
3	0.388664	0.11336	0.491903	0.006073
4	0.0	0.0	0.002024	0.997976
5	0.0	0.002024	0.983806	0.01417
6	1.0	0.0	0.0	0.0
7	0.0	0.578947	0.406883	0.01417
8	0.002024	0.0	0.0	0.997976
9	0.0	1.0	0.0	0.0
10	1.0	0.0	0.0	0.0
11	0.00404899595100405	0.261133738866261	0.117408882591117	0.617408382591617
12	0.15991915991916	0.384615384615385	0.230769230769231	0.224696224696225
13	0.080972	0.493927	0.174089	0.251012
14	0.137652	0.336032	0.103239	0.423077
15	0.062753	0.388664	0.220648	0.327935
