Pos	A	C	G	T
1	0.042339	0.334677	0.540323	0.082661
2	0.0201610201610202	0.568548568548569	0.0141130141130141	0.397177397177397
3	0.076613	0.022177	0.798387	0.102823
4	0.040323	0.78629	0.03629	0.137097
5	0.004032	0.981855	0.0	0.014113
6	0.360887	0.576613	0.028226	0.034274
7	0.0100809899190101	0.487902512097488	0.00806499193500806	0.493951506048494
8	0.0	1.0	0.0	0.0
9	0.0262099737900262	0.0423389576610423	0.0161289838710161	0.915322084677915
10	0.316532	0.046371	0.487903	0.149194
11	0.0161290161290161	0.332661332661333	0.614919614919615	0.0362900362900363
12	0.0665320665320665	0.147177147177147	0.0161290161290161	0.77016177016177
13	0.002016	0.0	0.997984	0.0
14	0.0483869516130484	0.0423389576610423	0.836693163306837	0.0725809274190726
15	0.135081	0.582661	0.050403	0.231855
