Pos	A	C	G	T
1	0.0440880440880441	0.298597298597299	0.577154577154577	0.0801600801600802
2	0.02004	0.649299	0.016032	0.314629
3	0.0721440721440721	0.0300600300600301	0.813627813627814	0.0841680841680842
4	0.042084	0.769539	0.054108	0.134269
5	0.006012	0.97996	0.004008	0.01002
6	0.286573286573287	0.623246623246623	0.0581160581160581	0.0320640320640321
7	0.002004	0.611222	0.006012	0.380762
8	0.004008	0.993988	0.002004	0.0
9	0.014028	0.066132	0.02004	0.8998
10	0.284569284569285	0.0561120561120561	0.569138569138569	0.0901800901800902
11	0.002004	0.320641	0.659319	0.018036
12	0.06012	0.220441	0.018036	0.701403
13	0.0	0.0	0.991984	0.008016
14	0.028056	0.024048	0.891784	0.056112
15	0.114228114228114	0.593186593186593	0.0781560781560782	0.214429214429214
