Pos	A	C	G	T
1	0.507042	0.042254	0.338028	0.112676
2	0.0583500583500584	0.366197366197366	0.509054509054509	0.0663980663980664
3	0.0261569738430262	0.462776537223463	0.0140849859150141	0.496981503018497
4	0.114688114688115	0.00603600603600604	0.756539756539757	0.122736122736123
5	0.100604	0.758551	0.034205	0.10664
6	0.0	0.98994	0.0	0.01006
7	0.476861	0.464789	0.01006	0.04829
8	0.008048	0.496982	0.006036	0.488934
9	0.00402400402400402	0.983903983903984	0.0	0.0120720120720121
10	0.030181	0.04829	0.008048	0.913481
11	0.440644440644441	0.0342050342050342	0.346076346076346	0.179074179074179
12	0.0241449758550241	0.325955674044326	0.635814364185636	0.0140849859150141
13	0.0744469255530745	0.0744469255530745	0.0	0.851106148893851
14	0.0	0.002012	0.991952	0.006036
15	0.0523139476860523	0.0422539577460423	0.798792201207799	0.106639893360107
