Pos	A	C	G	T
1	0.125843	0.573034	0.132584	0.168539
2	0.085393	0.582022	0.125843	0.206742
3	0.121348	0.323596	0.103371	0.451685
4	0.0898879101120899	0.644943355056645	0.170786829213171	0.0943819056180944
5	0.150562	0.294382	0.175281	0.379775
6	0.0404490404490404	0.456180456180456	0.193258193258193	0.31011231011231
7	0.195505804494195	0.595505404494595	0.123595876404124	0.0853929146070854
8	0.035955	0.552809	0.31236	0.098876
9	0.013483	0.062921	0.0	0.923596
10	0.002247	0.786517	0.193258	0.017978
11	0.022472	0.973034	0.0	0.004494
12	0.0	0.0	0.0	1.0
13	0.0	0.955056	0.006742	0.038202
14	0.017977982022018	0.955055044944955	0.00674199325800674	0.0202249797750202
15	0.069663	0.696629	0.017978	0.21573
