Pos	A	C	G	T
1	0.379098	0.067623	0.440574	0.112705
2	0.0389340389340389	0.356557356557357	0.543033543033543	0.0614750614750615
3	0.020492	0.569672	0.012295	0.397541
4	0.0758199241800758	0.0184429815570184	0.793032206967793	0.112704887295113
5	0.061475	0.805328	0.045082	0.088115
6	0.006148	0.981557	0.0	0.012295
7	0.34016365983634	0.608606391393609	0.0184429815570184	0.0327869672130328
8	0.00614799385200615	0.563524436475563	0.00614799385200615	0.424179575820424
9	0.004098	0.995902	0.0	0.0
10	0.0307379692620307	0.0532789467210533	0.0204919795080205	0.895491104508896
11	0.293033	0.057377	0.487705	0.161885
12	0.010246	0.317623	0.635246	0.036885
13	0.081967	0.155738	0.014344	0.747951
14	0.0	0.0	0.997951	0.002049
15	0.059426	0.045082	0.836066	0.059426
16	0.135246	0.616803	0.057377	0.190574
17	0.202869	0.467213	0.186475	0.143443
18	0.442622557377443	0.131147868852131	0.360655639344361	0.0655739344260656
