Pos	A	C	G	T
1	0.13012	0.192771	0.554217	0.122892
2	0.151807	0.344578	0.322892	0.180723
3	0.163855	0.349398	0.383133	0.103614
4	0.057831	0.048193	0.821687	0.072289
5	0.055422	0.759036	0.110843	0.074699
6	0.12048187951812	0.681927318072682	0.149397850602149	0.0481929518070482
7	0.033735	0.0	0.939759	0.026506
8	0.012048	0.987952	0.0	0.0
9	0.004819	0.995181	0.0	0.0
10	0.990361	0.007229	0.00241	0.0
11	0.0	0.0	0.0	1.0
12	0.0433730433730434	0.484337484337484	0.233735233735234	0.238554238554239
13	0.074699	0.033735	0.038554	0.853012
14	0.0	0.103614	0.0	0.896386
15	0.122892	0.077108	0.568675	0.231325
