Pos	A	C	G	T
1	0.327083	0.310417	0.239583	0.122917
2	0.0624999375000625	0.341666658333342	0.272916727083273	0.322916677083323
3	0.4	0.108333	0.375	0.116667
4	0.05625	0.30625	0.55625	0.08125
5	0.0125	0.59375	0.014583	0.379167
6	0.072917	0.008333	0.8375	0.08125
7	0.0624999375000625	0.891666108333892	0.0166669833330167	0.0291669708330292
8	0.0	0.99375	0.0	0.00625
9	0.345833	0.60625	0.01875	0.029167
10	0.0	0.604167	0.0	0.395833
11	0.002083	0.997917	0.0	0.0
12	0.035417	0.0375	0.014583	0.9125
13	0.229167	0.077083	0.5625	0.13125
14	0.0125	0.358333	0.59375	0.035417
15	0.10625	0.220833	0.016667	0.65625
16	0.0	0.0	0.997917	0.002083
17	0.052083	0.045833	0.816667	0.085417
18	0.164583	0.520833	0.097917	0.216667
19	0.191667	0.4375	0.170833	0.2
20	0.424999575000425	0.147916852083148	0.341666658333342	0.0854169145830854
21	0.279167	0.295833	0.216667	0.208333
