Pos	A	C	G	T
1	0.01417	0.605263	0.01417	0.366397
2	0.09919	0.022267	0.775304	0.103239
3	0.0425100425100425	0.773279773279773	0.0425100425100425	0.141700141700142
4	0.0	0.987854	0.0	0.012146
5	0.315789315789316	0.627530627530628	0.0283400283400283	0.0283400283400283
6	0.0101210101210101	0.493927493927494	0.0101210101210101	0.485830485830486
7	0.0	1.0	0.0	0.0
8	0.0222670222670223	0.0546560546560547	0.0101210101210101	0.912955912955913
9	0.32996	0.064777	0.48583	0.119433
10	0.01417	0.313765	0.629555	0.04251
11	0.080972	0.1417	0.02834	0.748988
12	0.0	0.0	1.0	0.0
13	0.054656	0.034413	0.836032	0.074899
14	0.131578868421132	0.587044412955587	0.0546559453440547	0.226720773279227
15	0.200405	0.425101	0.208502	0.165992
