Pos	A	C	G	T
1	0.416834	0.08016	0.416834	0.086172
2	0.0400800400800401	0.352705352705353	0.547094547094547	0.0601200601200601
3	0.032064	0.581162	0.008016	0.378758
4	0.104208104208104	0.02004002004002	0.77955977955978	0.0961920961920962
5	0.0501	0.735471	0.046092	0.168337
6	0.0	0.98998	0.0	0.01002
7	0.364729364729365	0.571142571142571	0.024048024048024	0.0400800400800401
8	0.01002	0.533066	0.01002	0.446894
9	0.0	1.0	0.0	0.0
10	0.036072	0.046092	0.01002	0.907816
11	0.340681	0.056112	0.46493	0.138277
12	0.018036018036018	0.324649324649325	0.621242621242621	0.0360720360720361
13	0.08016	0.126253	0.02004	0.773547
14	0.008016	0.0	0.991984	0.0
15	0.0521040521040521	0.0400800400800401	0.81963981963982	0.0881760881760882
