Pos	A	C	G	T
1	0.0562250562250562	0.397590397590398	0.455823455823456	0.0903610903610904
2	0.018072	0.46988	0.016064	0.495984
3	0.108434	0.026104	0.803213	0.062249
4	0.0622490622490623	0.839357839357839	0.0220880220880221	0.0763050763050763
5	0.008032	0.977912	0.002008	0.012048
6	0.465863465863466	0.491968491968492	0.0240960240960241	0.0180720180720181
7	0.002008	0.556225	0.004016	0.437751
8	0.012048	0.97992	0.0	0.008032
9	0.038153	0.078313	0.008032	0.875502
10	0.321285	0.064257	0.485944	0.128514
11	0.0160640160640161	0.335341335341335	0.630522630522631	0.0180720180720181
12	0.0742970742970743	0.0883530883530883	0.0140560140560141	0.823293823293823
13	0.0	0.0	0.995984	0.004016
14	0.0562250562250562	0.0281120281120281	0.833333833333833	0.0823290823290823
15	0.136546136546137	0.522088522088522	0.0742970742970743	0.267068267068267
