Pos	A	C	G	T
1	0.04829	0.861167	0.060362	0.030181
2	0.034205	0.078471	0.05835	0.828974
3	0.04829	0.148893	0.77666	0.026157
4	0.0583500583500583	0.0684100684100684	0.0925550925550925	0.780684780684781
5	0.016097	0.895372	0.038229	0.050302
6	0.01006	0.889336	0.050302	0.050302
7	0.41046258953741	0.152917847082153	0.338027661972338	0.0985919014080986
8	0.167002	0.181087	0.114688	0.537223
9	0.0643860643860644	0.00804800804800805	0.921529921529922	0.00603600603600603
10	0.002012	0.004024	0.993964	0.0
11	0.020121	0.002012	0.002012	0.975855
12	0.036217	0.128773	0.796781	0.038229
13	0.00402400402400402	0.977867977867978	0.00804800804800805	0.0100600100600101
14	0.004024	0.020121	0.008048	0.967807
15	0.032193	0.018109	0.945674	0.004024
16	0.824949175050825	0.0523139476860523	0.108651891348109	0.0140849859150141
