Pos	A	C	G	T
1	0.117647	0.269777	0.281947	0.330629
2	0.168357	0.058824	0.584178	0.188641
3	0.667343	0.056795	0.275862	0.0
4	0.0	0.0	0.0	1.0
5	0.002028	0.008114	0.989858	0.0
6	0.985801985801986	0.0	0.00202800202800203	0.0121700121700122
7	0.0	0.900609	0.077079	0.022312
8	0.0507099492900507	0.00811399188600812	0.482758517241483	0.458417541582458
9	0.00608500608500609	0.456389456389456	0.0	0.537525537525538
10	0.486815	0.498986	0.004057	0.010142
11	0.545639	0.15213	0.010142	0.292089
12	0.056795	0.427992	0.150101	0.365112
13	0.131846	0.490872	0.135903	0.241379
14	0.156186843813156	0.330628669371331	0.131845868154132	0.381338618661381
15	0.146044853955146	0.330628669371331	0.146044853955146	0.377281622718377
