Pos	A	C	G	T
1	0.0601200601200601	0.324649324649325	0.535070535070535	0.0801600801600802
2	0.01002001002001	0.611222611222611	0.00801600801600802	0.370741370741371
3	0.118236118236118	0.02004002004002	0.761523761523762	0.1002001002001
4	0.0420840420840421	0.835671835671836	0.0300600300600301	0.0921840921840922
5	0.0	0.985972	0.0	0.014028
6	0.376754	0.553106	0.024048	0.046092
7	0.006012	0.601202	0.002004	0.390782
8	0.008016	0.991984	0.0	0.0
9	0.024048	0.052104	0.022044	0.901804
10	0.290581	0.066132	0.503006	0.140281
11	0.014028014028014	0.336673336673337	0.613226613226613	0.0360720360720361
12	0.114228	0.146293	0.014028	0.725451
13	0.002004	0.0	0.97996	0.018036
14	0.0380760380760381	0.0541080541080541	0.823647823647824	0.0841680841680842
15	0.162325	0.563126	0.056112	0.218437
