Pos	A	C	G	T
1	0.195876	0.360825	0.298969	0.14433
2	0.597938	0.0	0.020619	0.381443
3	0.0	0.0	1.0	0.0
4	1.0	0.0	0.0	0.0
5	0.0	0.041237	0.0	0.958763
6	0.649485	0.051546	0.0	0.298969
7	0.463918	0.0	0.371134	0.164948
8	0.195876	0.257732	0.412371	0.134021
9	0.412371	0.319588	0.195876	0.072165
10	1.0	0.0	0.0	0.0
11	0.0206189793810206	0.0	0.0309279690720309	0.948453051546949
12	0.0	0.938144938144938	0.0515460515460515	0.0103090103090103
13	0.381443381443381	0.0103090103090103	0.0	0.608247608247608
14	0.123711	0.319588	0.443299	0.113402
15	0.134020865979134	0.278350721649278	0.154638845361155	0.432989567010433
