Pos	A	C	G	T
1	0.169387830612169	0.493877506122494	0.11020388979611	0.226530773469227
2	0.410204	0.053061	0.002041	0.534694
3	0.424489575510424	0.136734863265137	0.357142642857357	0.0816329183670816
4	0.483673483673484	0.0	0.106122106122106	0.41020441020441
5	0.120408	0.0	0.869388	0.010204
6	0.022449	0.216327	0.0	0.761224
7	0.791837	0.206122	0.002041	0.0
8	0.967347	0.030612	0.0	0.002041
9	1.0	0.0	0.0	0.0
10	0.0	0.718367718367718	0.00816300816300816	0.273469273469273
11	0.971428028571972	0.0	0.00408199591800408	0.0244899755100245
