Pos	A	C	G	T
1	0.401674	0.085774	0.395397	0.117155
2	0.031381	0.338912	0.573222	0.056485
3	0.00209200209200209	0.596234596234596	0.0125520125520126	0.389121389121389
4	0.085774	0.016736	0.824268	0.073222
5	0.0481170481170481	0.80962380962381	0.0481170481170481	0.0941420941420942
6	0.0	0.98954	0.0	0.01046
7	0.349372	0.575314	0.037657	0.037657
8	0.006276	0.562762	0.006276	0.424686
9	0.0	1.0	0.0	0.0
10	0.029289	0.056485	0.023013	0.891213
11	0.322176	0.060669	0.504184	0.112971
12	0.012552	0.328452	0.621339	0.037657
13	0.08159	0.1841	0.020921	0.713389
14	0.002092	0.0	0.997908	0.0
15	0.052301	0.046025	0.828452	0.073222
