Pos	A	C	G	T
1	0.0	0.238443	0.489051	0.272506
2	0.041363	0.868613	0.0	0.090024
3	0.798054	0.058394	0.087591	0.055961
4	0.150852	0.163017	0.571776	0.114355
5	0.024331	0.574209	0.097324	0.304136
6	0.131386868613131	0.508515491484508	0.338199661800338	0.0218979781020219
7	0.618005	0.024331	0.357664	0.0
8	0.542579	0.055961	0.167883	0.233577
9	0.0	0.27980527980528	0.715328715328715	0.00486600486600487
10	0.0	0.817518	0.03163	0.150852
11	0.294404	0.024331	0.656934	0.024331
12	0.080292	0.036496	0.20438	0.678832
13	0.270073	0.019465	0.710462	0.0
14	0.678832	0.053528	0.194647	0.072993
15	0.204379795620204	0.746958253041747	0.0291969708030292	0.0194649805350195
