Pos	A	C	G	T
1	0.549738	0.068063	0.324607	0.057592
2	0.078534	0.0	0.82199	0.099476
3	0.039267	0.0	0.95288	0.007853
4	0.057592	0.068063	0.206806	0.667539
5	0.0	0.850785	0.065445	0.08377
6	0.790575209424791	0.0183249816750183	0.12041887958112	0.0706809293190707
7	0.115183	0.494764	0.282723	0.10733
8	0.463351	0.536649	0.0	0.0
9	0.295812	0.253927	0.298429	0.151832
10	0.117801	0.117801	0.028796	0.735602
11	0.065445	0.020942	0.913613	0.0
12	0.628272628272628	0.243455243455243	0.054974054974055	0.0732980732980733
13	0.031414	0.879581	0.013089	0.075916
14	0.075916	0.84555	0.0	0.078534
15	0.0732980732980733	0.350785350785351	0.0392670392670393	0.536649536649537
