Pos	A	C	G	T
1	0.0	0.082569	0.006116	0.911315
2	0.0152909847090153	0.0152909847090153	0.0183489816510184	0.951069048930951
3	0.027523	0.703364	0.012232	0.256881
4	0.018349	0.024465	0.006116	0.95107
5	0.0	0.932721067278933	0.0214069785930214	0.0458719541280459
6	0.134557	0.122324	0.027523	0.715596
7	0.012232	0.905199	0.036697	0.045872
8	0.0	0.966361	0.003058	0.030581
9	0.743119	0.027523	0.055046	0.174312
10	0.018349	0.045872	0.923547	0.012232
11	0.027523	0.051988	0.003058	0.917431
12	0.642202	0.0	0.357798	0.0
13	0.0	0.0	0.0	1.0
14	0.009174	0.003058	0.987768	0.0
15	0.862385	0.027523	0.085627	0.024465
