Pos	A	C	G	T
1	0.013793	0.268966	0.013793	0.703448
2	0.0	0.082759	0.0	0.917241
3	0.0	0.0	0.006897	0.993103
4	0.0	0.765517	0.0	0.234483
5	0.02069	0.0	0.0	0.97931
6	0.0	0.986207	0.013793	0.0
7	0.165517165517166	0.179310179310179	0.0275860275860276	0.627586627586628
8	0.0137930137930138	0.931034931034931	0.0137930137930138	0.0413790413790414
9	0.0	0.986207	0.0	0.013793
10	0.731034731034731	0.0275860275860276	0.0896550896550897	0.151724151724152
11	0.0068969931030069	0.0206899793100207	0.965516034483966	0.0068969931030069
12	0.013793	0.02069	0.0	0.965517
13	0.57931	0.0	0.42069	0.0
14	0.0	0.0	0.0	1.0
15	0.0	0.0	1.0	0.0
16	0.813793	0.013793	0.124138	0.048276
17	0.606897	0.055172	0.337931	0.0
