Pos	A	C	G	T
1	0.313525	0.145492	0.311475	0.229508
2	0.297131297131297	0.114754114754115	0.276639276639277	0.311475311475312
3	0.139344	0.122951	0.387295	0.35041
4	0.143443	0.647541	0.04918	0.159836
5	0.0	0.530738	0.004098	0.465164
6	0.690574	0.145492	0.036885	0.127049
7	0.719262719262719	0.0163930163930164	0.129098129098129	0.135246135246135
8	0.930328	0.0	0.04918	0.020492
9	0.893443	0.002049	0.002049	0.102459
10	0.889344	0.0	0.010246	0.10041
11	0.0368850368850369	0.0	0.0040980040980041	0.959016959016959
12	0.938525	0.0	0.061475	0.0
13	0.172130827869172	0.0532789467210533	0.745901254098746	0.0286889713110287
14	0.381148	0.391393	0.086066	0.141393
15	0.383197	0.235656	0.071721	0.309426
