Pos	A	C	G	T
1	0.024641	0.289528	0.626283	0.059548
2	0.00821399178600822	0.702258297741702	0.0102669897330103	0.279260720739279
3	0.0492810492810493	0.0225870225870226	0.864476864476864	0.0636550636550637
4	0.0308009691990308	0.833675166324834	0.0266939733060267	0.108829891170109
5	0.0	0.98768	0.0	0.01232
6	0.291581	0.61807	0.034908	0.055441
7	0.0	0.607803	0.002053	0.390144
8	0.0	1.0	0.0	0.0
9	0.028747	0.061602	0.034908	0.874743
10	0.26694	0.084189	0.544148	0.104723
11	0.008214	0.332649	0.64271	0.016427
12	0.080082	0.258727	0.016427	0.644764
13	0.0	0.0	0.997947	0.002053
14	0.0328539671460329	0.0349079650920349	0.87063612936387	0.0616019383980616
