Pos	A	C	G	T
1	0.142132	0.055838	0.796954	0.005076
2	0.162436837563162	0.0558379441620558	0.172588827411173	0.609136390863609
3	0.0101520101520102	0.802030802030802	0.00507600507600508	0.182741182741183
4	0.005076	0.598985	0.390863	0.005076
5	0.106599	0.538071	0.055838	0.299492
6	0.0304570304570305	0.0862940862940863	0.766497766497766	0.116751116751117
7	0.106599	0.0	0.873096	0.020305
8	0.0	0.005076	0.994924	0.0
9	0.055838	0.0	0.005076	0.939086
10	0.0	0.0	0.0	1.0
11	0.0	0.989848	0.0	0.010152
12	0.299492	0.0	0.700508	0.0
13	1.0	0.0	0.0	0.0
14	0.426395573604426	0.0558379441620558	0.203045796954203	0.314720685279315
15	0.091371	0.279188	0.010152	0.619289
16	0.0	0.994924	0.0	0.005076
17	0.020305	0.86802	0.005076	0.106599
18	0.0710659289340711	0.771573228426772	0.126903873096127	0.0304569695430305
