Pos	A	C	G	T
1	0.446894446894447	0.0721440721440721	0.364729364729365	0.116232116232116
2	0.0440880440880441	0.346693346693347	0.494990494990495	0.114228114228114
3	0.03006	0.523046	0.014028	0.432866
4	0.118236	0.01002	0.727455	0.144289
5	0.068136	0.739479	0.044088	0.148297
6	0.0	0.977956	0.0	0.022044
7	0.370741370741371	0.575150575150575	0.02004002004002	0.0340680340680341
8	0.01002	0.511022	0.01002	0.468938
9	0.0	0.98998	0.0	0.01002
10	0.026052	0.024048	0.018036	0.931864
11	0.384769615230385	0.0380759619240381	0.442885557114443	0.134268865731134
12	0.014028	0.314629	0.631263	0.04008
13	0.0781560781560782	0.0981960981960982	0.016032016032016	0.807615807615808
14	0.004008	0.0	0.995992	0.0
15	0.0581160581160581	0.0420840420840421	0.80961980961981	0.0901800901800902
