Pos	A	C	G	T
1	0.399504	0.01737	0.401985	0.181141
2	0.084367	0.0	0.873449	0.042184
3	0.399504	0.193548	0.235732	0.171216
4	0.925558	0.014888	0.009926	0.049628
5	0.002481	0.950372	0.029777	0.01737
6	0.699752	0.044665	0.094293	0.16129
7	0.022333	0.270471	0.205955	0.501241
8	0.0124069875930124	0.253101746898253	0.0992559007440992	0.635235364764635
9	0.0843669156330844	0.436724563275437	0.265508734491266	0.213399786600213
10	0.08933	0.099256	0.0	0.811414
11	0.01737	0.019851	0.960298	0.002481
12	0.0148880148880149	0.0570720570720571	0.0272950272950273	0.900744900744901
13	0.181141	0.260546	0.146402	0.411911
14	0.049628	0.866005	0.012407	0.07196
