Pos	A	C	G	T
1	0.0853659146340854	0.565040434959565	0.205284794715205	0.144308855691144
2	0.191057	0.268293	0.231707	0.308943
3	0.254065	0.367886	0.27439	0.103659
4	0.0406500406500406	0.392276392276392	0.274390274390274	0.292683292683293
5	0.376016	0.132114	0.408537	0.083333
6	0.018293	0.308943	0.617886	0.054878
7	0.022358	0.693089	0.012195	0.272358
8	0.0284550284550285	0.0203250203250203	0.876016876016876	0.0752030752030752
9	0.038618	0.869919	0.03252	0.058943
10	0.00203299796700203	0.993901006098994	0.00203299796700203	0.00203299796700203
11	0.278455278455278	0.638211638211638	0.0345530345530346	0.0487800487800488
12	0.010163	0.656504	0.00813	0.325203
13	0.0	0.995934004065996	0.00203299796700203	0.00203299796700203
14	0.018293	0.063008	0.028455	0.890244
15	0.227642	0.069106	0.617886	0.085366
16	0.0142279857720142	0.331300668699331	0.628048371951628	0.0264229735770264
17	0.089431	0.296748	0.02439	0.589431
18	0.0	0.002033	0.997967	0.0
19	0.0304880304880305	0.0284550284550285	0.892276892276892	0.0487800487800488
20	0.138211	0.597561	0.089431	0.174797
