Pos	A	C	G	T
1	0.695297	0.0409	0.104294	0.159509
2	0.697342	0.03681	0.137014	0.128834
3	0.64008135991864	0.0122699877300123	0.0879349120650879	0.25971374028626
4	0.137014	0.03272	0.817996	0.01227
5	0.635991364008636	0.0756649243350757	0.284253715746284	0.00408999591000409
6	0.08589	0.0	0.91411	0.0
7	0.002045	0.0	0.997955	0.0
8	1.0	0.0	0.0	0.0
9	0.985685	0.0	0.0	0.014315
10	0.026585	0.343558	0.629857	0.0
11	0.014315	0.0	0.00409	0.981595
12	0.00409	0.01636	0.97955	0.0
13	0.750511	0.067485	0.155419	0.026585
14	0.566461433538566	0.0552149447850552	0.29038870961129	0.0879349120650879
15	0.777095222904777	0.092024907975092	0.0552149447850552	0.0756649243350757
16	0.222904	0.402863	0.251534	0.122699
17	0.224949	0.278119	0.116564	0.380368
18	0.306748	0.194274	0.263804	0.235174
19	0.306748306748307	0.161554161554162	0.329243329243329	0.202454202454202
