Pos	A	C	G	T
1	0.45974045974046	0.0727270727270727	0.264935264935265	0.202597202597203
2	0.0	0.0	0.987013	0.012987
3	0.0	0.0	1.0	0.0
4	0.0	0.0	0.953247	0.046753
5	0.379220620779379	0.0	0.584415415584584	0.0363639636360364
6	0.509091	0.25974	0.135065	0.096104
7	0.212987	0.018182	0.002597	0.766234
8	0.0155840155840156	0.0285710285710286	0.0337660337660338	0.922078922078922
9	0.0	0.163636163636164	0.0207790207790208	0.815584815584816
10	0.012987	0.966234	0.0	0.020779
11	0.0181819818180182	0.94025905974094	0.00519499480500519	0.0363639636360364
12	0.387013	0.363636	0.101299	0.148052
13	0.311688	0.254545	0.332468	0.101299
14	0.280519	0.21039	0.350649	0.158442
