Pos	A	C	G	T
1	0.476426523573476	0.0545909454090546	0.337468662531338	0.131513868486132
2	0.096774	0.287841	0.526055	0.08933
3	0.029777	0.53598	0.002481	0.431762
4	0.081886	0.007444	0.754342	0.156328
5	0.052109	0.861042	0.009926	0.076923
6	0.007444	0.98263	0.0	0.009926
7	0.354839	0.590571	0.019851	0.034739
8	0.004963	0.563275	0.004963	0.426799
9	0.00248100248100248	0.995037995037995	0.00248100248100248	0.0
10	0.00992599007400993	0.0198509801490199	0.00992599007400993	0.96029703970296
11	0.35980135980136	0.0471460471460471	0.384615384615385	0.208437208437208
12	0.002481	0.39206	0.548387	0.057072
13	0.08933	0.047146	0.012407	0.851117
14	0.0	0.0	0.992556	0.007444
15	0.032258	0.019851	0.875931	0.07196
