Pos	A	C	G	T
1	0.152991818091985	0.0952255774980905	0.130220484342987	0.621562120066938
2	0.145762823251058	0.0909210396609364	0.0955541681727382	0.667761968915267
3	0.000690040416652716	0.0	0.000197154404757919	0.999112805178589
4	0.00627608188479883	0.000460026944434914	0.000854335753950841	0.992409555416815
5	0.00502743732132899	0.000492886011894901	0.000427167876975914	0.9940525087898
6	0.010317747182301	0.000854335753951082	0.000690040416653066	0.988137876647095
7	0.00617750468241849	0.000624322281733848	0.00115006736108972	0.992048105674758
8	0.00193868498011939	0.000427167876975866	0.000230013472217928	0.997404133670687
9	0.160877994283	0.155127657477	0.252719087832	0.431275260408
10	0.419840304932	0.153714717576	0.113560937141	0.312884040351
11	0.300956198863301	0.168665593270169	0.230834948904231	0.2995432589623
12	0.341011402096341	0.185653731147186	0.162488088588162	0.310846778168311
