Pos	A	C	G	T
1	0.122716497002012	0.0545251708269055	0.637010179891064	0.185748152280019
2	0.103472319062897	0.649142379026351	0.122019244177878	0.125366057732875
3	0.259099149352	0.385580811602	0.234416399386	0.12090363966
4	0.0953841863060534	0.00529912146144297	0.78608283363544	0.113233858597063
5	0.0	0.99818714265793	0.0	0.00181285734206987
6	0.0	0.998466043787479	0.0	0.00153395621252074
7	0.998326593222701	0.0	0.0016734067772995	0.0
8	0.0	0.0	0.0	1.0
9	0.0370938502300963	0.457676753590954	0.155766280852984	0.349463115325965
10	0.00878538558080903	0.0373727513595959	0.0138056059126985	0.940036257146897
11	0.00209175847162038	0.0252405522242045	0.0	0.972667689304175
12	0.0921768233160908	0.111699902384989	0.639101938362936	0.157021335935984
