Pos	A	C	G	T
1	0.177083	0.375	0.125	0.322917
2	0.197917	0.302083	0.0625	0.4375
3	0.0	0.6875	0.104167	0.208333
4	0.052083	0.291667	0.010417	0.645833
5	0.0937500937500938	0.270833270833271	0.114583114583115	0.520833520833521
6	0.0	0.708333	0.166667	0.125
7	0.125	0.666667	0.0	0.208333
8	0.145833	0.25	0.010417	0.59375
9	0.166667	0.46875	0.145833	0.21875
10	0.052083	0.65625	0.0625	0.229167
11	0.166667	0.5	0.0	0.333333
12	0.09375	0.354167	0.083333	0.46875
13	0.072917	0.625	0.0	0.302083
14	0.15625	0.541667	0.0	0.302083
15	0.145833	0.291667	0.208333	0.354167
16	0.177083	0.572917	0.0	0.25
17	0.15625	0.385417	0.020833	0.4375
18	0.0520830520830521	0.302083302083302	0.114583114583115	0.531250531250531
19	0.0520830520830521	0.656250656250656	0.0520830520830521	0.23958323958324
20	0.0729169270830729	0.437499562500437	0.0416669583330417	0.447916552083448
21	0.052083	0.666667	0.145833	0.135417
22	0.15625	0.635417	0.0	0.208333
23	0.4375	0.072917	0.03125	0.458333
24	0.15625	0.322917	0.208333	0.3125
25	0.177083	0.270833	0.197917	0.354167
26	0.03125	0.614583	0.21875	0.135417
27	0.0416669583330417	0.635416364583635	0.0	0.322916677083323
28	0.114583114583115	0.114583114583115	0.0	0.770833770833771
29	0.0	0.416667	0.34375	0.239583
30	0.0	0.385416614583385	0.166666833333167	0.447916552083448
