Pos	A	C	G	T
1	0.478480031019986	0.122915858859996	0.397285769677988	0.00131834044202996
2	0.683986041100959	0.00961613028305942	0.306397828615982	0.0
3	0.0	1.0	0.0	0.0
4	1.0	0.0	0.0	0.0
5	0.000620395502132918	0.0	0.999379604497867	0.0
6	0.0142690965490986	0.839240015509916	0.146490887940985	0.0
7	0.0	0.0	0.0	1.0
8	0.0	0.0	1.0	0.0
9	0.145405195812145	0.428615742536429	0.295540907328296	0.13043815432313
10	0.303373400543	0.187359441644	0.226832105467	0.282435052346
11	0.222024040325778	0.233036060488767	0.375029081038625	0.16991081814683
