Pos	A	C	G	T
1	0.116312056737884	0.363120567375637	0.207092198581793	0.313475177304686
2	0.008510638297866	0.093617021276556	0.0453900709219787	0.852482269503599
3	0.0397163120566889	0.934751773049738	0.0156028368793956	0.00992907801417722
4	0.0141843971630906	0.126241134751917	0.00709219858155532	0.852482269503437
5	0.0	1.0	0.0	0.0
6	0.0496453900709079	0.0	0.946099290780151	0.00425531914894068
7	0.00283687943262136	0.947517730496455	0.0	0.0496453900709238
8	0.0	0.0	1.0	0.0
9	0.653900709219738	0.113475177304955	0.167375886524933	0.0652482269503739
10	0.0113475177305079	0.0808510638298566	0.638297872340447	0.269503546099189
11	0.590070921986059	0.133333333333013	0.20000000000002	0.0765957446809076
12	0.120567375887	0.329078014184	0.192907801418	0.357446808511
13	0.0269503546099189	0.465248226950326	0.0609929078014427	0.446808510638313
14	0.112056737589	0.205673758865	0.154609929078	0.527659574468
15	0.127659574468	0.330496453901	0.377304964539	0.164539007092
