Pos	A	C	G	T
1	0.190501319261	0.25963060686	0.359894459103	0.189973614776
2	0.449604221636315	0.273878627968192	0.223218997361156	0.0532981530343373
3	0.00580474934037261	0.0100263852243045	0.00527704485488237	0.97889182058044
4	0.0116094986807043	0.00738786279683273	0.943007915567349	0.0379947229551141
5	0.971503957783592	0.0100263852242958	0.00791556728231668	0.0105540897097956
6	0.0385224274406193	0.76042216358838	0.153562005277077	0.0474934036939238
7	0.0580474934037221	0.00791556728232301	0.015831134564606	0.918205804749349
8	0.0321899736148022	0.949340369393066	0.00738786279683052	0.0110817941953008
9	0.957255936675431	0.00686015831135309	0.0163588390501074	0.0195250659631088
10	0.023746701847	0.0253298153034	0.864907651715	0.0860158311346
11	0.0416886543536	0.88654353562	0.045382585752	0.0263852242744
12	0.703957783641282	0.0844327176781338	0.0902374670185361	0.121372031662049
13	0.27018469657	0.213192612137	0.26437994723	0.252242744063
14	0.27968337730872	0.194722955144805	0.155145118733845	0.37044854881263
