Pos	A	C	G	T
1	0.259943342776	0.205099150142	0.384362606232	0.15059490085
2	0.10096317280503	0.390708215297117	0.427422096317128	0.0809065155807243
3	0.0420396600567042	0.419490084986042	0.0827195467422083	0.455750708215046
4	0.00521246458923765	0.00419263456090811	0.97733711048156	0.013257790368294
5	0.0206232294617897	0.949575070821525	0.0154107648724923	0.0143909348441928
6	0.00861189801700172	0.957167138810191	0.0202832861190041	0.0139376770538028
7	0.0586968838527235	0.87433427762035	0.0368271954674147	0.0301416430595121
8	0.0087252124645927	0.910481586402282	0.0164305949008051	0.06436260623232
9	0.00679886685552258	0.97405099150137	0.010538243626104	0.00861189801700327
10	0.00963172804533356	0.0172237960340064	0.018810198300307	0.954334277620353
11	0.123286118979975	0.0606232294617879	0.759546742209848	0.0565439093483887
12	0.0416997167139042	0.328385269122033	0.526912181303053	0.10300283286101
13	0.167025495751	0.285552407932	0.168498583569	0.378923512748
14	0.0479320113314096	0.0974504249292195	0.783569405099157	0.0710481586402142
