Pos	A	C	G	T
1	0.028571	0.942857	0.019048	0.009524
2	0.0	0.828571	0.0	0.171429
3	0.0	1.0	0.0	0.0
4	0.0666669333330667	0.809523190476809	0.0	0.123809876190124
5	0.228571	0.009524	0.047619	0.714286
6	0.0	1.0	0.0	0.0
7	0.009524	0.980952	0.0	0.009524
8	0.009524	0.933333	0.009524	0.047619
9	0.038095	0.933333	0.009524	0.019048
10	0.057143	0.942857	0.0	0.0
11	0.590476590476591	0.276190276190276	0.0285710285710286	0.104762104762105
12	0.247618752381248	0.457142542857457	0.171428828571171	0.123809876190124
13	0.0666669333330667	0.685713314286686	0.123809876190124	0.123809876190124
14	0.161905	0.409524	0.095238	0.333333
15	0.0666669333330667	0.514285485714514	0.219047780952219	0.1999998000002
