Pos	A	C	G	T
1	0.442862358525	0.114092734575	0.257210660825	0.185834246075
2	0.358433734940358	0.120847024461121	0.375136911281375	0.145582329317146
3	0.34008762321966	0.102866009492897	0.395217232566605	0.161829134720838
4	0.401241328952401	0.102409638554102	0.315899963490316	0.18044906900318
5	0.378422782037303	0.0541255932822433	0.384538152610308	0.182913472070146
6	0.541255932821946	0.0906352683460909	0.368108798831963	0.0
7	0.0	0.0	0.0	1.0
8	0.0	0.0	1.0	0.0
9	0.999726177437021	0.0	0.0	0.000273822562979006
10	0.0348667396860139	0.520627966411208	0.373311427528149	0.0711938663746285
11	0.0181635633442946	0.0	0.0	0.981836436655705
12	0.0872581234027262	0.912741876597274	0.0	0.0
13	1.0	0.0	0.0	0.0
14	0.0343190945600966	0.229006936837977	0.241420226359976	0.495253742241951
