Pos	A	C	G	T
1	0.106383106383106	0.118203118203118	0.151300151300151	0.624113624113624
2	0.092199	0.685579	0.122931	0.099291
3	0.605201	0.118203	0.186761	0.089835
4	0.066194	0.326241	0.286052	0.321513
5	0.0472810472810473	0.550827550827551	0.113475113475113	0.288416288416288
6	0.267139	0.054374	0.193853	0.484634
7	0.0141840141840142	0.0	0.981087981087981	0.00472800472800473
8	0.0	0.030733	0.004728	0.964539
9	0.07565	0.158392	0.018913	0.747045
10	0.212766212766213	0.00709200709200709	0.621749621749622	0.158392158392158
11	0.00945600945600946	0.926714926714927	0.0118200118200118	0.052009052009052
12	0.0	0.411348	0.004728	0.583924
13	0.635933364066636	0.0189129810870189	0.321512678487321	0.0236409763590236
14	0.172577172577173	0.0141840141840142	0.657210657210657	0.156028156028156
15	0.0496450496450496	0.0803780803780804	0.822695822695823	0.0472810472810473
