Pos	A	C	G	T
1	0.339719271623864	0.022572078907391	0.452200303489819	0.185508345978926
2	0.29742033383897	0.0828907435507917	0.589719271623941	0.029969650986297
3	0.0	0.0	0.0	1.0
4	0.0	0.0	1.0	0.0
5	1.0	0.0	0.0	0.0
6	0.0235204855841953	0.591805766312882	0.384673748102923	0.0
7	0.0	0.0	0.0	1.0
8	0.0335735963580966	0.966426403641903	0.0	0.0
9	1.0	0.0	0.0	0.0
10	0.00701820940819568	0.153831562974125	0.328907435508266	0.510242792109413
11	0.224582701061775	0.319423368740681	0.355652503793644	0.1003414264039
