Pos	A	C	G	T
1	0.164905	0.435518	0.190275	0.209302
2	0.503171	0.162791	0.137421	0.196617
3	0.175476	0.224101	0.143763	0.45666
4	0.0211419788580211	0.0	0.00845699154300845	0.97040102959897
5	0.0	0.0	0.0	1.0
6	0.143763143763144	0.824524824524825	0.00211400211400211	0.0295980295980296
7	0.0	0.915433	0.0	0.084567
8	0.179704	0.43129	0.004228	0.384778
9	0.295983295983296	0.00634200634200634	0.678647678647679	0.019027019027019
10	0.0676530676530677	0.00634200634200634	0.672304672304672	0.253700253700254
11	0.744186	0.20296	0.0	0.052854
12	0.896406	0.038055	0.029598	0.035941
13	0.3002113002113	0.128964128964129	0.321353321353321	0.249471249471249
