Pos	A	C	G	T
1	0.27521	0.237395	0.180672	0.306723
2	0.415966	0.054622	0.294118	0.235294
3	0.0	0.0	0.964286	0.035714
4	0.0	0.0	1.0	0.0
5	0.0	0.0	0.941176	0.058824
6	0.40966440966441	0.0084030084030084	0.535714535714536	0.0462180462180462
7	0.443277	0.319328	0.119748	0.117647
8	0.161765	0.027311	0.0	0.810924
9	0.016807	0.035714	0.031513	0.915966
10	0.0	0.165966	0.014706	0.819328
11	0.014706	0.936975	0.0	0.048319
12	0.0063029936970063	0.939075060924939	0.0	0.0546219453780546
13	0.39916	0.415966	0.069328	0.115546
14	0.357143357143357	0.231092231092231	0.296218296218296	0.115546115546116
15	0.283613	0.182773	0.359244	0.17437
