Pos	A	C	G	T
1	0.340400225982	0.128631322292	0.237756831495	0.293211620231
2	0.39951235467276	0.0959828729445424	0.259314323094844	0.245190449287853
3	0.334839879873	0.14379590259	0.241146561208	0.280217656329
4	0.404864559483798	0.0729089233147635	0.468645000148766	0.0535815170526732
5	0.753679640807895	0.0050251256281393	0.241295233563966	0.0
6	0.0	0.0	0.0	1.0
7	0.0	0.0	0.996431863459309	0.00356813654069111
8	1.0	0.0	0.0	0.0
9	0.0	0.30941690702	0.246409562606	0.444173530374
10	0.152359430287924	0.0542356754184729	0.793404894293603	0.0
11	0.0	0.117005144064	0.0	0.882994855936
12	0.261455205018919	0.734352234545772	0.0041925604353087	0.0
13	1.0	0.0	0.0	0.0
14	0.00793910380303968	0.162647557312994	0.0715708721119971	0.75784246677197
15	0.304927001873305	0.322351401980322	0.188843626416189	0.183877969730184
