Pos	A	C	G	T
1	0.213058419244	0.271191294387	0.351374570447	0.164375715922
2	0.248281786942	0.221935853379	0.372136311569	0.15764604811
3	0.0687285223368344	0.764747995418382	0.106386025200053	0.0601374570447301
4	0.00486827033218796	0.992124856815583	0.00200458190148916	0.00100229095073958
5	0.911941580755945	0.00801832760595952	0.0408075601374975	0.0392325315005976
6	0.00315005727377041	0.933132875143121	0.0174684994273023	0.046248568155806
7	0.046248568155806	0.0174684994273023	0.933132875143121	0.00315005727377041
8	0.0392325315005976	0.0408075601374975	0.00801832760595952	0.911941580755945
9	0.00100229095073958	0.00200458190148916	0.992124856815583	0.00486827033218796
10	0.0601374570447301	0.106386025200053	0.764747995418382	0.0687285223368344
11	0.15764604811	0.372136311569	0.221935853379	0.248281786942
12	0.164375715922	0.351374570447	0.271191294387	0.213058419244
