Pos	A	C	G	T
1	0.364135625597	0.180515759312	0.272206303725	0.183142311366
2	0.431709646609086	0.20057306590304	0.275310410697055	0.0924068767908185
3	0.733046800381634	0.0324737344794838	0.133476599808933	0.10100286532995
4	0.020296084049698	0.464899713466954	0.479465138490952	0.0353390639923965
5	0.6673829990446	0.00620821394459628	0.0	0.326408787010804
6	0.0329512893982901	0.0	0.0	0.96704871060171
7	0.0370105062082296	0.788920725883631	0.174068767908139	0.0
8	1.0	0.0	0.0	0.0
9	0.979703915950372	0.00358166189112136	0.0167144221585064	0.0
10	0.995463228271249	0.0	0.00453677172875113	0.0
11	0.0723495702006224	0.00883476599809274	0.918815663801285	0.0
12	0.247134670487074	0.202722063037061	0.479465138491144	0.0706781279847212
13	0.333810888252334	0.268147086915268	0.288920725883289	0.109121298949109
14	0.425501432664574	0.197230181470803	0.180754536771819	0.196513849092803
