Pos	A	C	G	T
1	0.144834930777145	0.197018104366197	0.451544195953452	0.206602768903207
2	0.0825346112885505	0.271565495207837	0.645899893503613	0.0
3	0.0	0.00585729499468187	0.994142705005318	0.0
4	0.0	1.0	0.0	0.0
5	0.0	0.0	1.0	0.0
6	0.0143769968050986	0.116080937166988	0.869542066027913	0.0
7	0.00798722044728415	0.0218317358892114	0.970181043663504	0.0
8	0.960063897763616	0.0	0.039936102236384	0.0
9	0.66719914803	0.0	0.33280085197	0.0
10	0.379126730564076	0.185835995740037	0.383386581470077	0.0516506922258103
11	0.267838125665732	0.209265175718791	0.328008519701672	0.194888178913805
