Pos	A	C	G	T
1	0.378965922444379	0.131609870740132	0.372502937720372	0.116921269095117
2	0.578730904818116	0.09988249118682	0.197414806110039	0.123971797885025
3	0.162162162162	0.116333725029	0.581668625147	0.139835487662
4	0.0716803760281857	0.222091656873956	0.215041128084957	0.491186839012902
5	0.0417156286721708	0.206227967097856	0.0135135135134905	0.738542890716483
6	0.00470035252643878	0.949471210340753	0.0434782608695887	0.00235017626321939
7	0.990011750881317	0.00822561692127263	0.0	0.00176263219741056
8	0.986486486486493	0.0	0.0135135135135068	0.0
9	0.0229142185663908	0.0	0.977085781433609	0.0
10	0.0	0.0	1.0	0.0
11	0.0992949471209901	0.343125734429966	0.0358401880140964	0.521739130434948
12	0.0	0.921269095182129	0.00705052878966099	0.07168037602821
13	0.844300822561747	0.0117508813160965	0.0528789659223841	0.0910693301997727
14	0.159224441832841	0.202702702702797	0.434782608695565	0.203290246768797
15	0.146298472385146	0.407168037603407	0.266745005875267	0.17978848413618
