Pos	A	C	G	T
1	0.193333333333058	0.760000000000228	0.046666666666714	0.0
2	0.02	0.92	0.0	0.06
3	0.759999999999772	0.146666666666956	0.019999999999994	0.073333333333278
4	0.78	0.16	0.0	0.06
5	1.0	0.0	0.0	0.0
6	0.839999999999748	0.03333333333329	0.0	0.126666666666962
7	0.69999999999979	0.03333333333329	0.186666666666944	0.079999999999976
8	0.486666666667	0.0	0.0	0.513333333333
9	0.339999999999884	0.00666666666666773	0.64666666666678	0.00666666666666773
10	0.09999999999997	0.03333333333329	0.739999999999778	0.126666666666962
11	0.4	0.193333333333	0.246666666667	0.16
