Pos	A	C	G	T
1	0.837209837209837	0.0697670697670698	0.093023093023093	0.0
2	0.93023206976793	0.0465119534880465	0.0	0.0232559767440233
3	0.581395581395581	0.0232560232560233	0.0697670697670698	0.325581325581326
4	0.348837348837349	0.0697670697670698	0.0	0.581395581395581
5	0.093023	0.162791	0.372093	0.372093
6	0.116279	0.465116	0.418605	0.0
7	0.023256	0.325581	0.651163	0.0
8	0.0	1.0	0.0	0.0
9	0.139535	0.0	0.837209	0.023256
10	0.0	0.72093	0.255814	0.023256
11	0.046512	0.813953	0.139535	0.0
12	0.767442	0.139535	0.0	0.093023
13	0.767442	0.023256	0.0	0.209302
