Pos	A	C	G	T
1	0.190935970903095	0.0652850825549326	0.0256168720726128	0.718162074469359
2	0.968181699243806	0.0	0.0318183007561936	0.0
3	1.0	0.0	0.0	0.0
4	0.136797760158945	0.305492320171878	0.052385064238379	0.505324855430798
5	0.0	0.431169374886	0.130334667818	0.438495957296
6	0.0	0.365046968627	0.160321322971	0.474631708402
7	0.923097051050658	0.075594630661672	0.0	0.00130831828766952
8	1.0	0.0	0.0	0.0
9	0.0	0.0	0.0	1.0
10	0.0	0.978831410105489	0.0	0.0211685898945106
11	0.884370829735	0.0	0.0	0.115629170265
