Pos	A	C	G	T
1	0.196655761541	0.219329334787	0.187386404944	0.396628498728
2	0.211695747001	0.311295892403	0.214967284624	0.262041075972
3	0.139131225009	0.388858596874	0.241457651763	0.230552526354
4	0.324200290803324	0.196155943293196	0.165439840058165	0.314203925845314
5	0.00318066157760982	0.0	0.000545256270446969	0.996274082151943
6	0.267311886587	0.0	0.732688113413	0.0
7	0.0	0.0	0.0	1.0
8	0.0	0.0	0.0587059251180941	0.941294074881906
9	0.0	0.0	0.129907306434	0.870092693566
10	0.82933478735	0.0	0.17066521265	0.0
11	0.0	0.934023991275907	0.0	0.0659760087240934
12	0.417711741185	0.120637949836	0.0	0.461650308979
13	0.0375772446382925	0.331515812431934	0.0632497273718874	0.567657215557887
14	0.486277717193812	4.54380225372824e-05	0.00286259541984889	0.510814249363802
15	0.218420574337	0.118275172664	0.427798982188	0.235505270811
