Pos	A	C	G	T
1	0.221415607985	0.313974591652	0.189655172414	0.274954627949
2	0.465970961887466	0.206896551724207	0.145190562613145	0.181941923775182
3	0.811252268602594	0.0167876588021916	0.0784936479128608	0.0934664246823533
4	0.94555353902	0.0068058076225	0.0372050816697	0.0104355716878
5	0.0167876588021988	0.00725952813066949	0.956442831215933	0.0195099818511986
6	0.0149727767695	0.005444646098	0.967332123412	0.0122504537205
7	0.00771324863884378	0.00998185117967489	0.0136116152450067	0.968693284936475
8	0.0136116152450041	0.897459165154269	0.0117967332123035	0.0771324863884231
9	0.957803992740412	0.00725952813067312	0.0195099818512084	0.0154264972777066
10	0.28720508167	0.228221415608	0.246823956443	0.237749546279
11	0.384301270417	0.174228675136	0.259528130672	0.181941923775
