Pos	A	C	G	T
1	0.204783258595	0.244643746886	0.387144992526	0.163428001993
2	0.131041355256934	0.34080717488783	0.468360737418766	0.0597907324364701
3	0.0239162929745904	0.0353761833581858	0.927752864972629	0.0129546586945948
4	0.0139511709018	0.93971101146	0.01096163428	0.0353761833582
5	0.00697558545092154	0.0269058295964059	0.962630792227212	0.00348779272546077
6	0.017937219730891	0.0398604882909801	0.929247633283535	0.0129546586945935
7	0.0134529147981987	0.0159441953163984	0.956153462879904	0.0144494270054986
8	0.924265072247092	0.0119581464873012	0.0488290981565049	0.0149476831091015
9	0.819631290483328	0.0847035376183339	0.0682610861983273	0.027404085700011
10	0.231689088191232	0.322371699053322	0.322869955157323	0.123069257598123
11	0.189835575486	0.300946686597	0.322869955157	0.18634778276
