Pos	A	C	G	T
1	0.220536540240824	0.304301572617757	0.0444958371877644	0.430666049953655
2	0.0	0.0	0.0	1.0
3	0.0	0.0	0.0	1.0
4	0.0185938945420981	0.864292321923914	0.0	0.117113783533988
5	0.0	0.927197039778	0.0	0.072802960222
6	0.299352451433701	0.52987974098047	0.0	0.170767807585829
7	0.601295097132301	0.0	0.35985198889918	0.0388529139685194
8	0.0475948196115143	0.0	0.905874190564272	0.046530989824214
9	0.70185013876	0.27058279371	0.0160037002775	0.0115633672525
10	0.967252543940807	0.0	0.0	0.0327474560591934
11	0.338205365402101	0.175809435708053	0.396438482886119	0.0895467160037269
