Pos	A	C	G	T
1	0.31914893617	0.145314622001	0.306020823902	0.229515617927
2	0.331824354911701	0.0683567224988385	0.259393390674767	0.340425531914694
3	0.195110909913883	0.0887279311905468	0.372114078768777	0.344047080126794
4	0.172928927116069	0.639203259393256	0.0353100950656141	0.152557718425061
5	0.0	0.445903123585	0.0	0.554096876415
6	0.731552738795488	0.115889542779919	0.0334993209596766	0.119058397464917
7	0.772295156179463	0.0144861928474087	0.109099139882065	0.104119511091062
8	0.953825260298771	0.0	0.0393843368039905	0.00679040289723837
9	0.964689904934323	0.0	0.000905387052965303	0.0344047080127115
10	0.966500679040261	0.0	0.00181077410593049	0.0316885468538086
11	0.0253508374830025	0.0280669986419028	0.0	0.946582163875095
12	0.985513807152606	0.0	0.0144861928473942	0.0
13	0.176097781802018	0.0543232231779054	0.756450882752076	0.0131281122680013
14	0.441376188320823	0.378451788138849	0.0669986419193732	0.113173381620955
15	0.456767768221091	0.203712086917041	0.0570393843368114	0.282480760525056
