Pos	A	C	G	T
1	0.108247	0.561856	0.139175	0.190722
2	0.402062	0.005155	0.010309	0.582474
3	0.515464	0.07732	0.371134	0.036082
4	0.525773	0.0	0.175258	0.298969
5	0.108247	0.010309	0.876289	0.005155
6	0.0	0.242268	0.005155	0.752577
7	0.896907	0.092784	0.010309	0.0
8	0.969072	0.025773	0.005155	0.0
9	0.979381	0.0	0.015464	0.005155
10	0.0	0.773196	0.010309	0.216495
11	0.994845	0.0	0.005155	0.0
12	0.324742324742325	0.221649221649222	0.288660288660289	0.164948164948165
13	0.262886737113263	0.268040731959268	0.31958768041232	0.14948485051515
