Pos	A	C	G	T
1	0.227175616008773	0.243697478991756	0.312206238427688	0.216920666571783
2	0.215069078479	0.245549067084	0.275459336277	0.26392251816
3	0.188007406352	0.263352798747	0.274604757157	0.274035037744
4	0.084888192565234	0.0320467169919128	0.0716422162085287	0.811422874234325
5	0.0324740065518032	0.0323315766985032	0.912405640222091	0.0227887765276023
6	0.915254237288092	0.0178037316622018	0.030479988605603	0.0364620424441036
7	0.0477140008546191	0.112234724398045	0.702036746902281	0.138014527845055
8	0.0351801737643894	0.0283435408061915	0.0405925081896878	0.895883777239731
9	0.0207947585814	0.0344680244979	0.932915539097	0.0118216778237
10	0.877937615724263	0.0153824241561046	0.0860276313915258	0.0206523287281062
11	0.0213644779946064	0.929212362911279	0.0297678393391089	0.0196553197550059
12	0.867540236433653	0.0183734510752926	0.0605326876512758	0.0535536248397786
13	0.052556615866679	0.0586810995584765	0.810568295114676	0.0781939894601687
14	0.125907990315	0.19612590799	0.580686511893	0.097279589802
15	0.178179746475	0.378008830651	0.226605896596	0.217205526278
16	0.266201395813	0.230593932488	0.294544936619	0.20865973508
17	0.212932630679213	0.256516165788257	0.315766984760316	0.214784218772215
