Pos	A	C	G	T
1	0.306803594352	0.226297450944	0.209976159912	0.256922794792
2	0.294700165047295	0.227764533284228	0.224830368604225	0.252704933064253
3	0.176600036676823	0.533651201173466	0.151843022189848	0.137905739959862
4	0.154043645699938	0.0394278378873842	0.102879149091959	0.703649367320718
5	0.0302585732624061	0.0102695763800021	0.928846506510186	0.0306253438474061
6	0.656152576563131	0.0584999083074117	0.05006418485241	0.235283330277047
7	0.895837153860179	0.0484137172199097	0.0121034293050024	0.0436456996149087
8	0.967357417935019	0.00715202640748014	0.0135705116450003	0.0119200440125002
9	0.034843205574907	0.80084357234516	0.0311754997249062	0.133137722355027
10	0.107463781404925	0.764533284430465	0.0359435173298748	0.0920594168347356
11	0.0596002200623881	0.0540986612873892	0.0320924261873936	0.854208692462829
12	0.0588666788923882	0.0209059233448958	0.885750962772823	0.0344764349898931
13	0.953970291582523	0.0137538969374931	0.0155877498624922	0.0166880616174917
14	0.101412066752	0.112781954887	0.218778653952	0.567027324409
15	0.442875481386443	0.332294150009332	0.103245919677103	0.121584448927122
16	0.157344580964953	0.462681092975861	0.0937098844672719	0.286264441591914
