Pos	A	C	G	T
1	0.41983201704942	0.16961263632917	0.196314403911196	0.214240942710214
2	0.254481634699745	0.164848940704835	0.194183276920806	0.386486147674613
3	0.227529146295886	0.0462579917261769	0.677823743261661	0.0483891187162758
4	0.0145418076970964	0.00664410179264834	0.0175504575654956	0.96126363294476
5	0.96903597843799	0.0149178889306999	0.00777234549328992	0.00827378713801992
6	0.881659771844	0.0501441644729	0.0141657264636	0.0540303372195
7	0.965024445280154	0.0094020308386615	0.00714554343738114	0.0184279804438029
8	0.0114077974176001	0.873009903472009	0.0099034724833901	0.105678826627001
9	0.962767957878904	0.00839914754919916	0.0141657264635986	0.0146671681082985
10	0.304751159583695	0.235050770966765	0.222389369436778	0.237808700012762
11	0.277924031591	0.235928293845	0.336467343613	0.149680330951
