Pos	A	C	G	T
1	0.086642599277974	0.0388086642598884	0.775270758122767	0.0992779783393702
2	0.361010830325144	0.0694945848375278	0.0812274368231325	0.488267148014195
3	0.946750902527123	0.0162454873646021	0.0054151624548707	0.0315884476534041
4	0.971119133573981	0.00722021660649986	0.00902527075811982	0.0126353790613997
5	0.0388086642599	0.865523465704	0.0108303249097	0.0848375451264
6	0.10108303249104	0.786101083032314	0.0279783393502112	0.0848375451264339
7	0.0460288808663908	0.0415162454873917	0.0270758122743946	0.885379061371823
8	0.0433212996389822	0.00812274368230667	0.925090252707621	0.0234657039710904
9	0.965703971119164	0.00631768953069107	0.00992779783394169	0.0180505415162031
10	0.131768953069	0.16155234657	0.26083032491	0.445848375451
11	0.492779783393852	0.324909747291903	0.0658844765342802	0.116425992779965
