Pos	A	C	G	T
1	0.196748415541079	0.19977955359608	0.0856985395426343	0.517773491320207
2	0.0	0.0	0.00137779002480028	0.9986222099752
3	0.0	0.00248002204464089	0.0	0.997519977955359
4	0.0460181868283064	0.944061724993132	0.00192890603472027	0.00799118214384112
5	0.0	0.955084045191522	0.0	0.0449159548084775
6	0.0697161752548373	0.451088454119594	0.0	0.479195370625569
7	0.41636814549475	0.0	0.553596031964668	0.030035822540582
8	0.0	0.00165334802975941	0.898870212179676	0.0994764397905642
9	0.968035271424652	0.0303113805455891	0.00165334802975941	0.0
10	0.985670983742099	0.0	0.0143290162579014	0.0
11	0.481399834665	0.216313033894	0.201432901626	0.100854229815
