Pos	A	C	G	T
1	0.169135	0.325691	0.18903	0.316144
2	0.150718	0.193689	0.241465	0.414127
3	0.092186	0.481867	0.123681	0.302265
4	0.471265	0.199152	0.226037	0.103546
5	0.294171	0.180389	0.44639	0.079051
6	0.01571	0.968608	0.006928	0.008753
7	0.95122	0.009431	0.009797	0.029552
8	0.007169	0.179387	0.757604	0.05584
9	0.052946	0.814713	0.125541	0.006801
10	0.020369	0.011719	0.010225	0.957687
11	0.006551	0.009398	0.974185	0.009867
12	0.043855	0.713356	0.087952	0.154837
13	0.117429	0.241901	0.170592	0.470078
14	0.315482	0.324094	0.291366	0.069057
15	0.199296	0.36646	0.16424	0.270004
16	0.218597	0.211391	0.188163	0.38185
17	0.145717	0.140477	0.38869	0.325117
