Pos	A	C	G	T
1	0.201004798995201	0.462311537688462	0.190954809045191	0.145728854271146
2	0.075377	0.226131	0.160804	0.537688
3	0.105528	0.110553	0.603014	0.180905
4	0.0854270854270854	0.296482296482296	0.442211442211442	0.175879175879176
5	0.211055211055211	0.256281256281256	0.246231246231246	0.286432286432286
6	0.170854	0.311558	0.386935	0.130653
7	0.226131	0.241206	0.366834	0.165829
8	0.226131	0.241206	0.356784	0.175879
9	0.175879	0.316583	0.326633	0.180905
10	0.251256251256251	0.211055211055211	0.371859371859372	0.165829165829166
11	0.080402	0.522613	0.291457	0.105528
12	0.668342	0.045226	0.005025	0.281407
13	0.0	0.0	1.0	0.0
14	1.0	0.0	0.0	0.0
15	0.0	0.005025	0.005025	0.98995
16	0.934673	0.005025	0.0	0.060302
17	0.869347	0.020101	0.095477	0.015075
18	0.100503	0.221106	0.62814	0.050251
19	0.281407	0.281407	0.376884	0.060302
20	0.301508	0.291457	0.271357	0.135678
