Pos	A	C	G	T
1	0.0684524	0.497024	0.124008	0.310516
2	0.0208333	0.000992063	0.977183	0.000992063
3	0.000992063	0.0168651	0.00496032	0.977183
4	0.00496032	0.993056	0.000992063	0.000992063
5	0.000992063	0.0486111	0.000992063	0.949405
6	0.989087	0.00496032	0.000992063	0.00496032
7	0.00496032	0.838294	0.000992063	0.155754
8	0.647817	0.000992063	0.350198	0.000992063
9	0.000992063	0.96131	0.0248016	0.0128968
10	0.306548	0.207341	0.310516	0.175595
11	0.127976	0.0406746	0.786706	0.0446429
12	0.199405	0.294643	0.326389	0.179563
