Pos	A	C	G	T
1	0.0728950728950729	0.697125697125697	0.0934290934290934	0.136550136550137
2	0.13655	0.737166	0.067762	0.058522
3	0.697125	0.150924	0.098563	0.053388
4	0.767967	0.040041	0.128337	0.063655
5	0.0718689281310719	0.0133469866530133	0.86036913963086	0.0544149455850544
6	0.041068	0.072895	0.825462	0.060575
7	0.0903489096510904	0.122176877823122	0.135523864476136	0.651950348049652
8	0.0359340359340359	0.837782837782838	0.0903490903490903	0.0359340359340359
9	0.752567	0.122177	0.059548	0.065708
10	0.112936	0.61191	0.188912	0.086242
