Pos	A	C	G	T
1	0.0	0.0	0.0	1.0
2	0.0	0.0	1.0	0.0
3	0.0	0.0	0.0	1.0
4	0.0	1.0	0.0	0.0
5	0.0	1.0	0.0	0.0
6	0.0	0.0	0.0	1.0
7	0.0	1.0	0.0	0.0
8	0.199577	0.350783	0.052017	0.397623
9	0.026737	0.002868	0.002263	0.968132
10	0.976567	0.001991	0.008165	0.013277
11	0.9892	0.002418	0.00403	0.004352
12	0.002613	0.002387	0.058787	0.936213
13	0.003964	0.983797	0.007769	0.00447
14	0.00285	0.926202	0.014631	0.056317
15	0.027444	0.197793	0.49807	0.276694
16	0.211387	0.176504	0.361464	0.250645
17	0.300256	0.131007	0.076117	0.492621
18	0.120217	0.31052	0.078208	0.491055
19	0.274597	0.364552	0.077066	0.283785
20	0.409215	0.117054	0.132427	0.341303
