Pos	A	C	G	T
1	0.0026096	0.987996	0.0026096	0.00678497
2	0.0026096	0.992171	0.000521921	0.00469729
3	0.00678497	0.013048	0.0026096	0.977557
4	0.00678497	0.960856	0.013048	0.0193111
5	0.0151357	0.482777	0.00469729	0.49739
6	0.453549	0.00469729	0.503653	0.0381002
7	0.0381002	0.000521921	0.956681	0.00469729
8	0.0172234	0.0026096	0.969207	0.0109603
9	0.000521921	0.960856	0.0026096	0.0360125
10	0.00469729	0.97547	0.000521921	0.0193111
11	0.0026096	0.000521921	0.000521921	0.996347
12	0.0506263	0.00469729	0.927453	0.0172234
