Pos	A	C	G	T
1	0.162303837696162	0.21989478010522	0.256544743455257	0.361256638743361
2	0.172775	0.518324	0.08377	0.225131
3	0.256545	0.371728	0.151832	0.219895
4	0.659685	0.068063	0.21466	0.057592
5	0.015707	0.0	0.753927	0.230366
6	0.0	0.0	0.984293	0.015707
7	0.0	0.005236	0.146597	0.848167
8	0.0	0.942408	0.057592	0.0
9	0.942408	0.0	0.0	0.057592
10	0.130890130890131	0.434555434555435	0.23036623036623	0.204188204188204
11	0.240838	0.308901	0.230366	0.219895
12	0.183246183246183	0.403141403141403	0.272251272251272	0.141361141361141
13	0.08377	0.089005	0.031414	0.795811
14	0.104712	0.0	0.895288	0.0
15	0.502618	0.209424	0.141361	0.146597
16	0.057592	0.795811	0.031414	0.115183
17	0.020942	0.86911	0.0	0.109948
18	0.015707	0.418848	0.010471	0.554974
