Pos	A	C	G	T
1	0.142296	0.0448113	0.730346	0.0825472
2	0.588836	0.0416667	0.346698	0.0227987
3	0.0102201	0.981918	0.00707547	0.000786164
4	0.000786164	0.0133648	0.000786164	0.985063
5	0.0448113	0.308962	0.0102201	0.636006
6	0.0133648	0.0794025	0.0165094	0.890723
7	0.00393082	0.000786164	0.000786164	0.994497
8	0.937893	0.0322327	0.0196541	0.0102201
9	0.261792	0.0668239	0.0133648	0.658019
10	0.0448113	0.132862	0.0856918	0.736635
11	0.10456	0.120283	0.101415	0.673742
12	0.0856918	0.123428	0.0699686	0.720912
