Pos	A	C	G	T
1	0.150838	0.011173	0.832402	0.005587
2	0.011173	0.055866	0.011173	0.921788
3	0.0	0.899441	0.027933	0.072626
4	0.949721	0.03352	0.011173	0.005587
5	0.893855	0.050279	0.055866	0.0
6	0.005587	0.905028	0.01676	0.072626
7	0.011173	0.022346	0.050279	0.916201
8	0.0	0.0	0.011173	0.988827
9	0.01676	0.0	0.98324	0.0
10	0.860335	0.100559	0.03352	0.005587
11	0.027933	0.832402	0.005587	0.134078
12	0.0	0.0	0.0	1.0
13	0.03352	0.0	0.955307	0.011173
14	0.039106	0.0	0.960894	0.0
15	0.072626	0.0	0.927374	0.0
16	0.0	0.949721	0.005587	0.044693
17	0.005587	0.715084	0.0	0.27933
18	0.921788	0.01676	0.027933	0.03352
