Pos	A	C	G	T
1	0.114608	0.625297	0.152613	0.107482
2	0.221496	0.190618	0.116983	0.470903
3	0.159739	0.154988	0.606295	0.0789786
4	0.119359	0.181116	0.0813539	0.618171
5	0.307007	0.0884798	0.178741	0.425772
6	0.178741	0.0718527	0.570665	0.178741
7	0.057601	0.057601	0.539786	0.345012
8	0.178741	0.0718527	0.620546	0.12886
9	0.140736	0.25	0.0766033	0.53266
10	0.0837292	0.782067	0.0172209	0.116983
11	0.00296912	0.0718527	0.183492	0.741686
12	0.0243468	0.0433492	0.922209	0.010095
13	0.00296912	0.010095	0.00771971	0.979216
14	0.784442	0.010095	0.109857	0.0956057
15	0.0433492	0.318884	0.558789	0.0789786
16	0.0290974	0.0362233	0.00296912	0.93171
17	0.387767	0.0290974	0.504157	0.0789786
18	0.352138	0.214371	0.252375	0.181116
19	0.0362233	0.0789786	0.0314727	0.853325
20	0.0861045	0.0219715	0.639549	0.252375
21	0.0552257	0.292755	0.278504	0.373515
22	0.0552257	0.848575	0.0219715	0.074228
23	0.204869	0.150238	0.0124703	0.632423
24	0.0219715	0.817696	0.033848	0.126485
