Pos	A	C	G	T
1	0.411597	0.221483	0.00475285	0.362167
2	0.651141	0.145437	0.141635	0.0617871
3	0.346958	0.164449	0.419202	0.0693916
4	0.624525	0.225285	0.115019	0.0351711
5	0.586502	0.0922053	0.244297	0.0769962
6	0.0503802	0.826046	0.0237643	0.0998099
7	0.0579848	0.837452	0.0123574	0.0922053
8	0.153042	0.251901	0.0275665	0.56749
9	0.0807985	0.0769962	0.255703	0.586502
10	0.00095057	0.962928	0.0351711	0.00095057
11	0.164449	0.453422	0.0313688	0.35076
12	0.651141	0.0351711	0.293726	0.019962
13	0.00095057	0.00855513	0.0313688	0.959125
14	0.126426	0.00095057	0.856464	0.0161597
15	0.0351711	0.00855513	0.951521	0.00475285
16	0.00095057	0.974335	0.00095057	0.0237643
17	0.00095057	0.00475285	0.00095057	0.993346
18	0.00095057	0.985741	0.00475285	0.00855513
