Pos	A	C	G	T
1	0.11643	0.0526005	0.752364	0.0786052
2	0.0526005	0.702719	0.225177	0.0195035
3	0.5987	0.333924	0.0573286	0.0100473
4	0.0171395	0.00295508	0.910757	0.0691489
5	0.0738771	0.9013	0.0242317	0.000591017
6	0.000591017	0.998227	0.000591017	0.000591017
7	0.995863	0.000591017	0.00295508	0.000591017
8	0.000591017	0.000591017	0.000591017	0.998227
9	0.036052	0.201537	0.123522	0.638889
10	0.0289598	0.0667849	0.0384161	0.865839
11	0.00531915	0.123522	0.00531915	0.865839
12	0.135343	0.130615	0.518322	0.215721
