Pos	A	C	G	T
1	0.21789	0.236239	0.272936	0.272936
2	0.297401	0.0374618	0.441131	0.224006
3	0.0619266	0.0282875	0.866208	0.043578
4	0.00382263	0.994648	0.000764526	0.000764526
5	0.000764526	0.0711009	0.000764526	0.92737
6	0.000764526	0.00382263	0.994648	0.000764526
7	0.0221713	0.00382263	0.016055	0.957951
8	0.673547	0.00382263	0.321865	0.000764526
9	0.000764526	0.933486	0.0558104	0.00993884
10	0.0129969	0.985474	0.000764526	0.000764526
11	0.000764526	0.0680428	0.000764526	0.930428
12	0.309633	0.416667	0.0711009	0.202599
13	0.205657	0.569572	0.0527523	0.172018
14	0.0833333	0.401376	0.0833333	0.431957
15	0.16896	0.159786	0.202599	0.468654
16	0.199541	0.358563	0.211774	0.230122
17	0.211774	0.279052	0.126147	0.383028
18	0.181193	0.156728	0.260703	0.401376
19	0.257645	0.224006	0.272936	0.245413
20	0.224006	0.269878	0.224006	0.28211
21	0.220948	0.294343	0.205657	0.279052
