Pos	A	C	G	T
1	0.0	0.210526	0.010526	0.778947
2	0.073684	0.105263	0.421053	0.4
3	0.326316	0.031579	0.494737	0.147368
4	0.168421	0.126316	0.557895	0.147368
5	0.073684	0.652632	0.147368	0.126316
6	0.168421	0.347368	0.157895	0.326316
7	0.031579	0.189474	0.010526	0.768421
8	0.042105	0.0	0.936842	0.021053
9	0.126316	0.063158	0.736842	0.073684
10	0.0	1.0	0.0	0.0
11	0.757895	0.178947	0.063158	0.0
12	0.0	0.031579	0.0	0.968421
13	0.0	0.0	0.0	1.0
14	0.0	1.0	0.0	0.0
15	0.810526	0.031579	0.157895	0.0
16	0.905263	0.0	0.063158	0.031579
17	0.010526	0.0	0.947368	0.042105
18	0.010526	0.0	0.989474	0.0
19	0.073684	0.926316	0.0	0.0
20	0.0	0.747368	0.0	0.252632
21	0.031579	0.473684	0.063158	0.431579
