Pos	A	C	G	T
1	0.15	0.464286	0.1	0.285714
2	0.071429	0.8	0.0	0.128571
3	0.771429	0.0	0.0	0.228571
4	0.064286	0.0	0.935714	0.0
5	0.5	0.071429	0.321429	0.107143
6	0.0	0.928571	0.0	0.071429
7	0.0	0.064286	0.0	0.935714
8	0.0	0.028571	0.0	0.971429
9	0.035714	0.164286	0.414286	0.385714
10	0.064286	0.071429	0.121429	0.742857
11	0.042857	0.928571	0.021429	0.007143
12	0.078571	0.514286	0.021429	0.385714
13	0.064286	0.121429	0.107143	0.707143
14	0.035714	0.528571	0.15	0.285714
15	0.228571	0.171429	0.092857	0.507143
