Pos	A	C	G	T
1	0.532847	0.032847	0.39781	0.036496
2	0.043796	0.062044	0.062044	0.832117
3	0.510949	0.0	0.452555	0.036496
4	0.047445	0.105839	0.025547	0.821168
5	0.587591	0.040146	0.346715	0.025547
6	0.029197	0.072993	0.010949	0.886861
7	0.59854	0.040146	0.361314	0.0
8	0.0	0.072993	0.010949	0.916058
9	0.751825	0.007299	0.237226	0.00365
10	0.036496	0.083942	0.0	0.879562
11	0.558394	0.0	0.441606	0.0
12	0.0	0.00365	0.029197	0.967153
13	0.40146	0.047445	0.551095	0.0
14	0.00365	0.007299	0.014599	0.974453
15	0.536496	0.0	0.423358	0.040146
16	0.025547	0.076642	0.007299	0.890511
17	0.726277	0.0	0.273723	0.0
18	0.0	0.043796	0.0	0.956204
19	0.751825	0.018248	0.175182	0.054745
20	0.0	0.058394	0.0	0.941606
21	0.832117	0.010949	0.127737	0.029197
22	0.0	0.142336	0.029197	0.828467
23	0.631387	0.058394	0.277372	0.032847
24	0.062044	0.091241	0.0	0.846715
