Pos	A	C	G	T
1	0.840028	0.117036	0.0311634	0.0117729
2	0.0228532	0.0145429	0.0283934	0.934211
3	0.887119	0.0450139	0.0145429	0.0533241
4	0.950831	0.0117729	0.0228532	0.0145429
5	0.0644044	0.471607	0.017313	0.446676
6	0.0117729	0.0865651	0.0117729	0.889889
7	0.000692521	0.0034626	0.995152	0.000692521
8	0.017313	0.970222	0.0034626	0.00900277
9	0.0283934	0.92036	0.000692521	0.050554
10	0.000692521	0.997922	0.000692521	0.000692521
11	0.0117729	0.172438	0.0145429	0.801247
12	0.0450139	0.0034626	0.942521	0.00900277
13	0.0145429	0.93144	0.0200831	0.0339335
14	0.100416	0.0228532	0.0533241	0.823407
15	0.0422438	0.0200831	0.845568	0.0921053
