Pos	A	C	G	T
1	0.212441	0.198357	0.245305	0.343897
2	0.151408	0.231221	0.292254	0.325117
3	0.226526	0.311033	0.25939	0.203052
4	0.188967	0.353286	0.25	0.207746
5	0.184272	0.419014	0.184272	0.212441
6	0.245305	0.273474	0.264085	0.217136
7	0.362676	0.212441	0.245305	0.179577
8	0.179577	0.287559	0.217136	0.315728
9	0.268779	0.0481221	0.24061	0.442488
10	0.268779	0.00117371	0.433099	0.296948
11	0.198357	0.0809859	0.649061	0.0715962
12	0.0950704	0.771127	0.0809859	0.0528169
13	0.0105634	0.0950704	0.0669014	0.827465
14	0.700704	0.0762911	0.118545	0.10446
15	0.00117371	0.940141	0.00586854	0.0528169
16	0.0199531	0.00117371	0.00117371	0.9777
17	0.0528169	0.0105634	0.930751	0.00586854
18	0.00117371	0.9777	0.00117371	0.0199531
19	0.827465	0.0340376	0.00586854	0.132629
20	0.264085	0.470657	0.207746	0.0575117
21	0.207746	0.357981	0.0809859	0.353286
22	0.414319	0.0434272	0.475352	0.0669014
23	0.0950704	0.0246479	0.879108	0.00117371
24	0.0387324	0.127934	0.0387324	0.794601
25	0.0715962	0.902582	0.00117371	0.0246479
26	0.0105634	0.789906	0.0105634	0.188967
27	0.254695	0.203052	0.151408	0.390845
