Pos	A	C	G	T
1	0.045756	0.00066313	0.952918	0.00066313
2	0.865385	0.125332	0.00596817	0.00331565
3	0.960875	0.00596817	0.0324934	0.00066313
4	0.852122	0.00862069	0.120027	0.0192308
5	0.00066313	0.0669761	0.00331565	0.929045
6	0.00066313	0.00066313	0.878647	0.120027
7	0.509947	0.127984	0.279178	0.0828912
8	0.00066313	0.998011	0.00066313	0.00066313
9	0.00331565	0.0908488	0.00331565	0.90252
10	0.00066313	0.00066313	0.00066313	0.998011
11	0.00066313	0.929045	0.00331565	0.0669761
12	0.00331565	0.93435	0.00066313	0.0616711
