Pos	A	C	G	T
1	0.110759	0.300633	0.199367	0.389241
2	0.0263713	0.0601266	0.0305907	0.882911
3	0.0348101	0.085443	0.0263713	0.853376
4	0.258439	0.165612	0.351266	0.224684
5	0.0474684	0.10654	0.064346	0.781646
6	0.0305907	0.00105485	0.00105485	0.9673
7	0.0263713	0.0601266	0.287975	0.625527
8	0.304852	0.0727848	0.309072	0.313291
9	0.136076	0.186709	0.0812236	0.595992
10	0.085443	0.233122	0.0305907	0.650844
11	0.144515	0.186709	0.123418	0.545359
12	0.190928	0.283755	0.271097	0.254219
13	0.220464	0.228903	0.102321	0.448312
14	0.241561	0.245781	0.292194	0.220464
15	0.317511	0.119198	0.313291	0.25
16	0.136076	0.190928	0.304852	0.368143
17	0.262658	0.0981013	0.212025	0.427215
18	0.254219	0.0938819	0.494726	0.157173
19	0.131857	0.705696	0.0812236	0.0812236
20	0.148734	0.165612	0.0179325	0.667722
21	0.00949367	0.363924	0.148734	0.477848
22	0.0137131	0.0179325	0.0305907	0.937764
23	0.00949367	0.0390295	0.0348101	0.916667
24	0.064346	0.0601266	0.127637	0.74789
25	0.401899	0.0896624	0.228903	0.279536
26	0.0348101	0.469409	0.0263713	0.469409
27	0.351266	0.0685654	0.0474684	0.5327
28	0.114979	0.0938819	0.0981013	0.693038
29	0.309072	0.157173	0.258439	0.275316
30	0.182489	0.161392	0.119198	0.53692
