Pos	A	C	G	T
1	0.052525	0.052525	0.79798	0.09697
2	0.0	0.985859	0.014141	0.0
3	0.046465	0.155556	0.078788	0.719192
4	0.032323	0.406061	0.494949	0.066667
5	0.022222	0.294949	0.008081	0.674747
6	0.0	0.149495	0.109091	0.741414
7	0.062626	0.783838	0.076768	0.076768
8	0.0	0.862626	0.0	0.137374
9	0.165657	0.444444	0.157576	0.232323
10	0.121212	0.337374	0.236364	0.305051
11	0.00404	0.567677	0.216162	0.212121
12	0.167677	0.474747	0.121212	0.236364
13	0.171717	0.383838	0.214141	0.230303
14	0.111111	0.593939	0.09697	0.19798
15	0.072727	0.565657	0.090909	0.270707
16	0.084848	0.470707	0.232323	0.212121
17	0.066667	0.537374	0.143434	0.252525
18	0.084848	0.537374	0.131313	0.246465
19	0.060606	0.567677	0.181818	0.189899
20	0.10101	0.442424	0.220202	0.236364
21	0.121212	0.460606	0.220202	0.19798
