Pos	A	C	G	T
1	0.219749	0.432078	0.180936	0.167237
2	0.267694	0.274543	0.210616	0.247146
3	0.425228	0.322489	0.240297	0.0119863
4	0.797374	0.0439498	0.0325342	0.126142
5	0.000570776	0.000570776	0.993721	0.00513699
6	0.0142694	0.849886	0.123858	0.0119863
7	0.000570776	0.998288	0.000570776	0.000570776
8	0.000570776	0.998288	0.000570776	0.000570776
9	0.879566	0.0553653	0.00513699	0.0599315
10	0.740297	0.00285388	0.253995	0.00285388
11	0.0302511	0.948059	0.0211187	0.000570776
12	0.071347	0.920662	0.000570776	0.00742009
13	0.5371	0.164954	0.117009	0.180936
14	0.137557	0.256279	0.406963	0.199201
15	0.203767	0.290525	0.317922	0.187785
16	0.285959	0.199201	0.196918	0.317922
17	0.174087	0.224315	0.311073	0.290525
18	0.226598	0.269977	0.203767	0.299658
19	0.317922	0.20605	0.158105	0.317922
20	0.283676	0.217466	0.208333	0.290525
21	0.283676	0.27226	0.203767	0.240297
