Pos	A	C	G	T
1	0.216626	0.068568	0.129248	0.585558
2	0.311286	0.221481	0.141383	0.32585
3	0.697209	0.056432	0.172937	0.0734223
4	0.272451	0.0442961	0.296723	0.386529
5	0.000606796	0.00303398	0.0151699	0.981189
6	0.0151699	0.845267	0.000606796	0.138956
7	0.0103155	0.0200243	0.000606796	0.969053
8	0.000606796	0.000606796	0.000606796	0.99818
9	0.000606796	0.99818	0.000606796	0.000606796
10	0.0418689	0.160801	0.000606796	0.796723
11	0.0248786	0.117112	0.00788835	0.850121
12	0.0807039	0.00546117	0.556432	0.357403
13	0.107403	0.0175971	0.74818	0.12682
14	0.238471	0.199636	0.260316	0.301578
15	0.00546117	0.833131	0.0103155	0.151092
16	0.37682	0.357403	0.0661408	0.199636
17	0.206917	0.199636	0.12682	0.466626
18	0.12682	0.146238	0.427791	0.29915
19	0.245752	0.158374	0.415655	0.180218
20	0.146238	0.155947	0.510316	0.1875
21	0.493325	0.124393	0.1875	0.194782
