Pos	A	C	G	T
1	0.207386	0.486932	0.0596591	0.246023
2	0.166477	0.198295	0.239205	0.396023
3	0.205114	0.0664773	0.546023	0.182386
4	0.0664773	0.811932	0.04375	0.0778409
5	0.632386	0.207386	0.102841	0.0573864
6	0.0801136	0.116477	0.207386	0.596023
7	0.00511364	0.0755682	0.852841	0.0664773
8	0.000568182	0.000568182	0.000568182	0.998295
9	0.000568182	0.980114	0.00284091	0.0164773
10	0.000568182	0.998295	0.000568182	0.000568182
11	0.000568182	0.991477	0.000568182	0.00738636
12	0.00738636	0.964205	0.000568182	0.0278409
13	0.366477	0.421023	0.04375	0.16875
14	0.105114	0.24375	0.111932	0.539205
15	0.125568	0.24375	0.136932	0.49375
16	0.180114	0.305114	0.132386	0.382386
17	0.123295	0.259659	0.16875	0.448295
18	0.0778409	0.19375	0.152841	0.575568
