Pos	A	C	G	T
1	0.105477	0.488844	0.292089	0.11359
2	0.121704	0.452333	0.180527	0.245436
3	0.184584	0.131846	0.551724	0.131846
4	0.032454	0.056795	0.79716	0.11359
5	0.0	1.0	0.0	0.0
6	0.0	0.0	0.0	1.0
7	0.0	1.0	0.0	0.0
8	0.133874	0.68357	0.008114	0.174442
9	0.78499	0.040568	0.146045	0.028398
10	0.01217	0.022312	0.663286	0.302231
11	0.172414	0.651116	0.176471	0.0
12	0.399594	0.097363	0.322515	0.180527
13	0.028398	0.630832	0.030426	0.310345
14	0.105477	0.68357	0.068966	0.141988
15	0.160243	0.36714	0.235294	0.237323
