Pos	A	C	G	T
1	0.171409	0.0928184	0.388211	0.347561
2	0.165989	0.184959	0.442412	0.20664
3	0.352981	0.168699	0.22561	0.25271
4	0.155149	0.426152	0.0982385	0.320461
5	0.152439	0.23916	0.130759	0.477642
6	0.339431	0.23645	0.130759	0.29336
7	0.21477	0.24458	0.122629	0.418022
8	0.20122	0.193089	0.23374	0.371951
9	0.20664	0.190379	0.111789	0.491192
10	0.558943	0.114499	0.149729	0.176829
11	0.174119	0.0575881	0.23645	0.531843
12	0.103659	0.174119	0.428862	0.29336
13	0.542683	0.2229	0.103659	0.130759
14	0.103659	0.0684282	0.20935	0.618564
15	0.0142276	0.390921	0.052168	0.542683
16	0.00338753	0.000677507	0.000677507	0.995257
17	0.000677507	0.764905	0.000677507	0.23374
18	0.198509	0.27168	0.049458	0.480352
19	0.434282	0.117209	0.190379	0.25813
20	0.00338753	0.2229	0.000677507	0.773035
21	0.0277778	0.184959	0.0196477	0.767615
22	0.000677507	0.000677507	0.000677507	0.997967
23	0.000677507	0.867886	0.000677507	0.130759
24	0.103659	0.439702	0.00880759	0.447832
25	0.052168	0.0250678	0.000677507	0.922087
26	0.0304878	0.699864	0.0115176	0.25813
27	0.331301	0.0928184	0.0602981	0.515583
28	0.182249	0.0873984	0.529133	0.20122
29	0.184959	0.144309	0.350271	0.320461
30	0.130759	0.0657182	0.23103	0.572493
31	0.155149	0.111789	0.626694	0.106369
32	0.114499	0.106369	0.106369	0.672764
33	0.133469	0.577913	0.141599	0.147019
