Pos	A	C	G	T
1	0.786348	0.0832644	0.00331611	0.127071
2	0.000663221	0.590034	0.000663221	0.408639
3	0.000663221	0.99801	0.000663221	0.000663221
4	0.828794	0.169879	0.000663221	0.000663221
5	0.000663221	0.0484152	0.000663221	0.950258
6	0.000663221	0.99801	0.000663221	0.000663221
7	0.81553	0.183144	0.000663221	0.000663221
8	0.000663221	0.134169	0.000663221	0.864505
9	0.000663221	0.99801	0.000663221	0.000663221
10	0.799612	0.000663221	0.000663221	0.199061
11	0.000663221	0.438389	0.000663221	0.560284
12	0.00109388	0.99758	0.000663221	0.000663221
13	0.810224	0.18845	0.000663221	0.000663221
14	0.000663221	0.0139276	0.000663221	0.984746
15	0.000663221	0.992705	0.000663221	0.00596899
