Pos	A	C	G	T
1	0.0179012	0.926543	0.0277778	0.0277778
2	0.284568	0.146296	0.185802	0.383333
3	0.0154321	0.0376543	0.375926	0.570988
4	0.0277778	0.911728	0.00802469	0.0524691
5	0.640123	0.200617	0.101852	0.0574074
6	0.257407	0.682099	0.0104938	0.05
7	0.000617284	0.990741	0.00802469	0.000617284
8	0.00555556	0.0351852	0.0277778	0.931481
9	0.067284	0.000617284	0.919136	0.012963
10	0.442593	0.464815	0.0697531	0.0228395
11	0.00308642	0.0253086	0.000617284	0.970988
12	0.129012	0.0895062	0.50679	0.274691
13	0.788272	0.0919753	0.0820988	0.0376543
14	0.212963	0.109259	0.575926	0.101852
15	0.116667	0.168519	0.469753	0.245062
