Pos	A	C	G	T
1	0.942028	0.00130256	0.0553665	0.00130256
2	0.721188	0.0169333	0.225183	0.036696
3	0.0273539	0.859701	0.00651282	0.106432
4	0.0158481	0.929444	0.00130256	0.0534052
5	0.0460244	0.15745	0.0169333	0.779593
6	0.0147629	0.827403	0.0169333	0.140901
7	0.00651282	0.0210652	0.0117231	0.960699
8	0.914899	0.0106379	0.0523199	0.0221436
9	0.774382	0.0106379	0.138772	0.0762076
10	0.00130256	0.964831	0.00130256	0.0325641
11	0.917938	0.00651282	0.0534052	0.0221436
12	0.0783712	0.0929582	0.0825031	0.746167
