Pos	A	C	G	T
1	0.0346690022626069	0.0255455806146051	0.0291219619006058	0.910663455222182
2	0.156343230572922	0.0226594686744887	0.0686177013779657	0.752379599374624
3	0.00117491555294028	0.980393596710235	0.00983991775591236	0.00859156998091206
4	0.0	0.953150007274828	0.00232794994907958	0.044522042776092
5	0.124657621504963	0.378813937192886	0.0749092298872775	0.421619211414874
6	0.620431497992434	0.0368883141632258	0.262710134077184	0.079970053767156
7	0.914746711243634	0.0	0.0172250890325931	0.0680281997237728
8	0.383372649939	0.0458932018014	0.0139395239116	0.556794624348
9	0.239492517892	0.223292127521	0.144437215355	0.392778139232
10	0.26547963773	0.186248536751	0.363317109235	0.184954716284
11	0.0703572204913225	0.0	0.922614303311295	0.00702847619738225
12	0.0266261486143947	0.0293032342087941	0.821648216481836	0.122422400694976
