Pos	A	C	G	T
1	0.0943613348677321	0.20713463751407	0.00575373993096196	0.692750287687235
2	0.922899884925185	0.0	0.0	0.0771001150748154
3	0.0	0.0368239355580893	0.00115074798618967	0.962025316455721
4	0.0	1.0	0.0	0.0
5	0.0	0.0	1.0	0.0
6	1.0	0.0	0.0	0.0
7	0.0	0.0	0.0	1.0
8	0.667433831990333	0.0	0.1001150747989	0.232451093210768
9	0.141542002301142	0.0	0.60989643268161	0.248561565017249
10	0.0667433831990933	0.319907940160968	0.223245109320978	0.390103567318961
11	0.104718066743105	0.314154200230314	0.126582278481127	0.454545454545454
