Pos	A	C	G	T
1	0.0569430569430569	0.024975024975025	0.872127872127872	0.0459540459540459
2	0.898898898898899	0.021021021021021	0.046046046046046	0.034034034034034
3	0.829	0.043	0.055	0.073
4	0.223	0.239	0.248	0.29
5	0.291	0.202	0.292	0.215
6	0.236	0.183	0.14	0.441
7	0.232	0.196	0.147	0.425
8	0.341658341658342	0.286713286713287	0.198801198801199	0.172827172827173
9	0.216783216783217	0.127872127872128	0.0909090909090909	0.564435564435564
10	0.57042957042957	0.0969030969030969	0.232767232767233	0.0999000999000999
11	0.016983016983017	0.00899100899100899	0.943056943056943	0.030969030969031
12	0.954	0.021	0.016	0.009
13	0.831831831831832	0.041041041041041	0.0540540540540541	0.0730730730730731
