Pos	A	C	G	T
1	0.114	0.54	0.202	0.144
2	0.07	0.196	0.134	0.6
3	0.018	0.044	0.652	0.286
4	0.09	0.272	0.43	0.208
5	0.178	0.264	0.294	0.264
6	0.26	0.218	0.272	0.25
7	0.26	0.218	0.326	0.196
8	0.288	0.2	0.268	0.244
9	0.236	0.242	0.272	0.25
10	0.41	0.14	0.252	0.198
11	0.18	0.386	0.34	0.094
12	0.684	0.018	0.0	0.298
13	0.002	0.0	0.998	0.0
14	0.99	0.002	0.002	0.006
15	0.006	0.012	0.008	0.974
16	0.982	0.002	0.0	0.016
17	0.924	0.006	0.056	0.014
18	0.154	0.176	0.602	0.068
19	0.398	0.182	0.374	0.046
20	0.388	0.216	0.254	0.142
