Pos	A	C	G	T
1	0.0299785867237687	0.122055674518201	0.0449678800856531	0.802997858672377
2	0.012847965738758	0.972162740899358	0.00214132762312634	0.012847965738758
3	0.916488222698073	0.0364025695931478	0.0299785867237687	0.0171306209850107
4	0.0149892933618844	0.813704496788009	0.019271948608137	0.15203426124197
5	0.0364025695931478	0.0149892933618844	0.933618843683084	0.0149892933618844
6	0.00856531049250536	0.019271948608137	0.0107066381156317	0.961456102783726
7	0.00642398286937902	0.0278372591006424	0.948608137044968	0.0171306209850107
8	0.907922912205568	0.0428265524625268	0.0278372591006424	0.0214132762312634
9	0.00856531049250536	0.84796573875803	0.0107066381156317	0.132762312633833
10	0.154175588865096	0.483940042826553	0.0428265524625268	0.319057815845824
