Pos	A	C	G	T
1	0.404189481207722	0.208397396867398	0.148893029695719	0.238520092229163
2	0.189280109716592	0.204258006230774	0.0934208059154599	0.513041078137177
3	0.218370091931679	0.0917398109438203	0.38163599942466	0.308254097699843
4	0.0160189774240932	0.37999742243832	0.556118874382468	0.0478647257551212
5	0.0	1.0	0.0	0.0
6	0.00175507337827648	0.856086037712542	0.0	0.142158888909184
7	0.0168425611325041	0.409236372467881	0.0385874990669344	0.535333567332683
8	0.201594980884493	0.796566462097829	0.0	0.00183855701768085
9	0.824971467400665	0.0127846754330156	0.111305335434057	0.0509385217322649
10	0.09902686140442	0.0	0.900973138595583	0.0
11	0.0	0.0	1.0	0.0
12	0.0371122954979833	0.431449253148493	0.520604957877632	0.0108334934758943
13	0.258614026268513	0.470226452145418	0.0943987013346238	0.176760820251447
14	0.543092947805825	0.134669037213238	0.0911205820026525	0.231117432978287
15	0.205352975096561	0.193126337930994	0.185363903785706	0.416156783186742
