Pos	A	C	G	T
1	0.595190380761523	0.00801603206412826	0.294589178356713	0.102204408817635
2	0.112224448897796	0.0140280561122245	0.867735470941884	0.00601202404809619
3	0.0240480961923848	0.963927855711423	0.0100200400801603	0.00200400801603206
4	0.991983967935872	0.0	0.00400801603206413	0.00400801603206413
5	0.00400801603206413	0.00200400801603206	0.979959919839679	0.0140280561122245
6	0.0541082164328657	0.587174348697395	0.352705410821643	0.00601202404809619
7	0.00601202404809619	0.00200400801603206	0.00601202404809619	0.985971943887776
8	0.00400801603206413	0.00400801603206413	0.98997995991984	0.00200400801603206
9	0.0460921843687375	0.338677354709419	0.352705410821643	0.2625250501002
