Pos	A	C	G	T
1	0.094188376753507	0.430861723446894	0.142284569138277	0.332665330661323
2	0.0861723446893788	0.498997995991984	0.112224448897796	0.302605210420842
3	0.230460921843687	0.364729458917836	0.0781563126252505	0.326653306613227
4	0.212424849699399	0.124248496993988	0.414829659318637	0.248496993987976
5	0.062124248496994	0.142284569138277	0.597194388777555	0.198396793587174
6	0.0280561122244489	0.74749498997996	0.0100200400801603	0.214428857715431
7	0.0501002004008016	0.567134268537074	0.030060120240481	0.352705410821643
8	0.0661322645290581	0.861723446893788	0.0180360721442886	0.0541082164328657
9	0.0721442885771543	0.855711422845691	0.0160320641282565	0.0561122244488978
10	0.0961923847695391	0.0100200400801603	0.769539078156313	0.124248496993988
11	0.0240480961923848	0.935871743486974	0.00400801603206413	0.0360721442885772
12	0.0180360721442886	0.901803607214429	0.0120240480961924	0.0681362725450902
13	0.0220440881763527	0.615230460921844	0.0200400801603206	0.342685370741483
14	0.114228456913828	0.637274549098196	0.0180360721442886	0.230460921843687
15	0.0781563126252505	0.549098196392786	0.0260521042084168	0.346693386773547
16	0.13627254509018	0.224448897795591	0.112224448897796	0.527054108216433
17	0.0961923847695391	0.248496993987976	0.250501002004008	0.404809619238477
18	0.0741482965931864	0.605210420841684	0.180360721442886	0.140280561122245
19	0.122244488977956	0.462925851703407	0.148296593186373	0.266533066132265
20	0.0741482965931864	0.454909819639279	0.248496993987976	0.222444889779559
