Pos	A	C	G	T
1	0.0772626931567329	0.0507726269315673	0.7439293598234	0.1280353200883
2	0.0728476821192053	0.701986754966888	0.119205298013245	0.105960264900662
3	0.132450331125828	0.708609271523179	0.1280353200883	0.0309050772626932
4	0.00662251655629139	0.0	0.969094922737307	0.0242825607064018
5	0.00883002207505519	0.980132450331126	0.0	0.011037527593819
6	0.0	1.0	0.0	0.0
7	0.991169977924945	0.00662251655629139	0.0022075055187638	0.0
8	0.0022075055187638	0.0022075055187638	0.0	0.995584988962472
9	0.0485651214128035	0.549668874172185	0.103752759381898	0.298013245033113
10	0.0154525386313466	0.011037527593819	0.0154525386313466	0.958057395143488
11	0.0	0.0309050772626932	0.0	0.969094922737307
12	0.0618101545253863	0.0927152317880795	0.635761589403974	0.209713024282561
