Pos	A	C	G	T
1	0.0123711340206186	0.956701030927835	0.00206185567010309	0.0288659793814433
2	0.0	0.841237113402062	0.0	0.158762886597938
3	0.0412371134020619	0.0123711340206186	0.0350515463917526	0.911340206185567
4	0.00206185567010309	0.985567010309279	0.00206185567010309	0.0103092783505155
5	0.0	0.882474226804124	0.0	0.117525773195876
6	0.0268041237113402	0.0164948453608247	0.00412371134020619	0.952577319587629
7	0.0247422680412371	0.925773195876289	0.0144329896907217	0.0350515463917526
8	0.0247422680412371	0.921649484536083	0.0	0.0536082474226804
9	0.845360824742268	0.0164948453608247	0.105154639175258	0.0329896907216495
10	0.0742268041237114	0.0103092783505155	0.843298969072165	0.0721649484536083
11	0.0164948453608247	0.00206185567010309	0.981443298969072	0.0
12	0.849484536082474	0.0845360824742268	0.0556701030927835	0.0103092783505155
13	0.944329896907217	0.0103092783505155	0.0247422680412371	0.0206185567010309
14	0.0	0.0	1.0	0.0
15	0.0185567010309278	0.754639175257732	0.0597938144329897	0.167010309278351
16	0.00412371134020619	0.948453608247423	0.00618556701030928	0.0412371134020619
17	0.0144329896907217	0.457731958762887	0.0123711340206186	0.515463917525773
18	0.0350515463917526	0.065979381443299	0.0494845360824742	0.849484536082474
19	0.00412371134020619	0.969072164948454	0.00206185567010309	0.0247422680412371
20	0.0247422680412371	0.870103092783505	0.0185567010309278	0.0865979381443299
21	0.136082474226804	0.465979381443299	0.0969072164948454	0.301030927835052
22	0.123711340206186	0.0268041237113402	0.317525773195876	0.531958762886598
23	0.0865979381443299	0.0371134020618557	0.855670103092784	0.0206185567010309
24	0.748453608247423	0.117525773195876	0.0783505154639175	0.0556701030927835
