Pos	A	C	G	T
1	0.237885462555066	0.0991189427312776	0.352422907488987	0.31057268722467
2	0.453744493392071	0.13215859030837	0.387665198237886	0.026431718061674
3	0.0	0.00220264317180617	0.00220264317180617	0.995594713656388
4	0.0	0.0	0.299559471365639	0.700440528634361
5	0.301762114537445	0.00220264317180617	0.513215859030837	0.182819383259912
6	0.167400881057269	0.259911894273128	0.0814977973568282	0.491189427312775
7	0.0	0.0	1.0	0.0
8	0.0814977973568282	0.898678414096916	0.0	0.0198237885462555
9	1.0	0.0	0.0	0.0
10	1.0	0.0	0.0	0.0
11	0.0	0.244493392070485	0.147577092511013	0.607929515418502
12	0.370044052863436	0.332599118942731	0.182819383259912	0.114537444933921
