Pos	A	C	G	T
1	0.272540983606557	0.084016393442623	0.237704918032787	0.405737704918033
2	0.129098360655738	0.221311475409836	0.555327868852459	0.0942622950819672
3	0.188524590163934	0.577868852459017	0.0471311475409836	0.186475409836066
4	0.256147540983607	0.125	0.135245901639344	0.483606557377049
5	0.194672131147541	0.10655737704918	0.485655737704918	0.213114754098361
6	0.495901639344262	0.133196721311475	0.120901639344262	0.25
7	0.157786885245902	0.270491803278689	0.491803278688525	0.0799180327868853
8	0.0266393442622951	0.0368852459016394	0.0676229508196722	0.868852459016394
9	0.0635245901639344	0.907786885245902	0.0122950819672131	0.0163934426229508
10	0.961065573770492	0.00614754098360656	0.014344262295082	0.0184426229508197
11	0.0245901639344262	0.0	0.866803278688525	0.108606557377049
12	0.0122950819672131	0.94672131147541	0.0348360655737705	0.00614754098360656
13	0.825819672131148	0.0163934426229508	0.0635245901639344	0.0942622950819672
14	0.34016393442623	0.241803278688525	0.299180327868853	0.118852459016393
15	0.487704918032787	0.0963114754098361	0.084016393442623	0.331967213114754
16	0.299180327868853	0.0881147540983607	0.0942622950819672	0.51844262295082
17	0.204918032786885	0.23155737704918	0.145491803278689	0.418032786885246
