Pos	A	C	G	T
1	0.306297707228847	0.340648851964792	0.340648851964792	0.0124045800435359
2	0.0	0.0	0.0	0.999999991201968
3	0.0	0.0	0.999999991201968	0.0
4	0.999999991201968	0.0	0.0	0.0
5	0.0	0.969465640325572	0.030534350876396	0.0
6	0.030534350876396	0.0	0.969465640325572	0.0
7	0.0190839692977475	0.0706106864016657	0.0	0.910305335502555
8	0.0820610679803142	0.56297709428355	0.263358776308915	0.0916030526291879
9	0.742366405682377	0.15648854824153	0.0629770986825667	0.0381679385954949
10	0.193702288372137	0.392175569068711	0.296755722579974	0.117366411181147
