Pos	A	C	G	T
1	0.212	0.234	0.152	0.402
2	0.156	0.146	0.236	0.462
3	0.11	0.218	0.512	0.16
4	0.158	0.576	0.072	0.194
5	0.26	0.154	0.112	0.474
6	0.226	0.12	0.412	0.242
7	0.49	0.154	0.118	0.238
8	0.124	0.328	0.446	0.102
9	0.026	0.068	0.024	0.882
10	0.074	0.902	0.006	0.018
11	0.918	0.012	0.006	0.064
12	0.014	0.006	0.856	0.124
13	0.008	0.96	0.014	0.018
14	0.824	0.026	0.04	0.11
15	0.264	0.27	0.312	0.154
16	0.402	0.118	0.088	0.392
17	0.25	0.078	0.084	0.588
18	0.186	0.202	0.142	0.47
19	0.124	0.334	0.236	0.306
