Pos	A	C	G	T
1	0.118212034576568	0.318089612216581	0.204691269202492	0.359007084004361
2	0.141137021618305	0.157275605190046	0.0788107439607861	0.622776629230866
3	0.0875636046595612	0.310178301867508	0.143431652083733	0.458826441389199
4	0.0261300860715394	0.250663426608411	0.0643759201129008	0.658830567207151
5	0.0494464280048626	0.760290784919529	0.072456823212142	0.117805963863469
6	0.663374290534227	0.0315148355806245	0.154973200014057	0.150137673871094
7	0.0233686210510522	0.502191190673909	0.226041757019433	0.248398431255607
8	0.0707165359679776	0.0555052751106185	0.00579081308513523	0.867987375836271
9	0.0281351513613988	0.0485571903619838	0.0430839307213657	0.880223727555254
10	0.00821658664362713	0.758648174637681	0.0327282194894555	0.200407019229238
11	0.0528844473474278	0.828666218305555	0.0144413291274849	0.104008005219535
12	0.0514913376167017	0.269380523138243	0.0145345476613215	0.664593591583736
13	0.0713162909999404	0.580482618075806	0.160778487408488	0.187422603515767
14	0.16733431020594	0.226046338205807	0.0165696884206509	0.590049663167604
15	0.126734069081663	0.230709982076405	0.142341628070979	0.500214320770955
16	0.125830673516846	0.224088999610166	0.0994403934365809	0.550639933436409
17	0.153431294007175	0.286201778452949	0.184611632291215	0.375755295248662
