Pos	A	C	G	T
1	0.143549282220633	0.372625031975806	0.378589947287907	0.105235738515654
2	0.188111293418915	0.394721271856641	0.265558904741768	0.151608529982676
3	0.399334995080332	0.256606953735363	0.334278774921467	0.00977927626283738
4	0.0353847445426116	0.0824197751352855	0.0958067609542551	0.786388719367848
5	0.00570107837733011	0.0342735733834711	0.943830970537027	0.0161943777021722
6	0.811805709617732	0.145856831027391	0.0361366360103438	0.0062008233445332
7	0.00855207868322916	0.763325362392923	0.214858341641478	0.0132642172823701
8	0.0519982121433254	0.124497596631927	0.0205731278185989	0.802931063406149
9	0.0438166382569142	0.891015639512549	0.061318705143017	0.00384901708752033
10	0.804170366779586	0.0801050391524608	0.0795491105706478	0.036175483497306
11	0.00753706437899645	0.00392523583308967	0.967669105964874	0.0208685938230406
12	0.00198245753464638	0.922470792977726	0.0663882470846846	0.00915850240294356
13	0.671506808596548	0.0975142092119581	0.168165015713572	0.0628139664779214
