Pos	A	C	G	T
1	0.1145	0.1205	0.3785	0.3865
2	0.3865	0.3205	0.2345	0.0585
3	0.0925	0.1405	0.0405	0.7265
4	0.0225	0.6025	0.1425	0.2325
5	0.5025	0.2465	0.1925	0.0585
6	0.6145	0.2545	0.0605	0.0705
7	0.5425	0.1585	0.2365	0.0625
8	0.062	0.822	0.056	0.06
9	0.034	0.778	0.058	0.13
10	0.58	0.172	0.062	0.186
11	0.066	0.09	0.144	0.7
12	0.03	0.872	0.046	0.052
13	0.028	0.888	0.024	0.06
14	0.06	0.276	0.042	0.622
15	0.048	0.192	0.07	0.69
16	0.162	0.102	0.306	0.43
17	0.122	0.286	0.444	0.148
18	0.138	0.724	0.062	0.076
19	0.15	0.19	0.082	0.578
20	0.07	0.166	0.474	0.29
21	0.094	0.462	0.316	0.128
22	0.152	0.632	0.074	0.142
23	0.4	0.19	0.18	0.23
