Pos	A	C	G	T
1	0.0420081970536295	0.570696725826138	0.259221313526055	0.128073771504968
2	0.463114757761964	0.209016395096108	0.327868855052718	0.0
3	0.258196723354015	0.405737708127739	0.262295084042174	0.0737704923868615
4	0.0	0.0	0.0	1.00000000791079
5	0.0327868855052717	0.0	0.967213122405518	0.0
6	0.963114761717359	0.0368852461934307	0.0	0.0
7	0.0327868855052717	0.901639351394974	0.0655737710105436	0.0
8	0.217213116472425	0.0	0.782786891438364	0.0
9	0.106557377892133	0.0327868855052717	0.0	0.860655744513385
10	0.0286885248171128	0.704918038363343	0.225409837848744	0.0409836068815897
11	0.840163941072589	0.102459017203975	0.0327868855052717	0.0245901641289538
