Pos	A	C	G	T
1	0.0846153846153846	0.0807692307692308	0.730769230769231	0.103846153846154
2	0.419230769230769	0.0346153846153846	0.0269230769230769	0.519230769230769
3	0.0269230769230769	0.0615384615384615	0.0269230769230769	0.884615384615385
4	0.276923076923077	0.138461538461538	0.557692307692308	0.0269230769230769
5	0.473076923076923	0.330769230769231	0.0230769230769231	0.173076923076923
6	0.00769230769230769	0.0653846153846154	0.123076923076923	0.803846153846154
7	0.0153846153846154	0.00384615384615385	0.0115384615384615	0.969230769230769
8	0.00384615384615385	0.465384615384615	0.523076923076923	0.00769230769230769
9	0.00384615384615385	0.953846153846154	0.0	0.0423076923076923
10	0.907692307692308	0.0269230769230769	0.0384615384615385	0.0269230769230769
11	0.0115384615384615	0.0192307692307692	0.353846153846154	0.615384615384615
12	0.0115384615384615	0.361538461538462	0.00769230769230769	0.619230769230769
13	0.0192307692307692	0.865384615384615	0.00769230769230769	0.107692307692308
14	0.303846153846154	0.276923076923077	0.342307692307692	0.0769230769230769
15	0.884615384615385	0.0423076923076923	0.0346153846153846	0.0384615384615385
16	0.303846153846154	0.192307692307692	0.173076923076923	0.330769230769231
17	0.180769230769231	0.05	0.0423076923076923	0.726923076923077
18	0.0538461538461538	0.588461538461538	0.334615384615385	0.0230769230769231
19	0.153846153846154	0.807692307692308	0.0153846153846154	0.0230769230769231
20	0.761538461538461	0.207692307692308	0.00384615384615385	0.0269230769230769
21	0.188461538461538	0.0615384615384615	0.0192307692307692	0.730769230769231
22	0.0153846153846154	0.134615384615385	0.173076923076923	0.676923076923077
23	0.180769230769231	0.661538461538462	0.0192307692307692	0.138461538461538
24	0.0269230769230769	0.342307692307692	0.476923076923077	0.153846153846154
