Pos	A	C	G	T
1	0.624	0.116	0.138	0.122
2	0.264	0.128	0.162	0.446
3	0.594	0.1	0.104	0.202
4	0.172	0.102	0.654	0.072
5	0.622	0.1	0.186	0.092
6	0.626	0.198	0.11	0.066
7	0.554	0.088	0.304	0.054
8	0.54	0.058	0.102	0.3
9	0.152	0.558	0.172	0.118
10	0.146	0.034	0.148	0.672
11	0.19	0.004	0.802	0.004
12	0.62	0.328	0.032	0.02
13	0.508	0.03	0.058	0.404
14	0.03	0.006	0.954	0.01
15	0.086	0.092	0.376	0.446
16	0.974	0.012	0.008	0.006
17	0.866	0.096	0.002	0.036
18	0.01	0.046	0.022	0.922
19	0.038	0.914	0.016	0.032
20	0.174	0.14	0.022	0.664
