Pos	A	C	G	T
1	0.0348837209302326	0.0558139534883721	0.0302325581395349	0.879069767441861
2	0.151162790697674	0.0186046511627907	0.774418604651163	0.0558139534883721
3	0.33953488372093	0.0116279069767442	0.404651162790698	0.244186046511628
4	0.0418604651162791	0.0116279069767442	0.937209302325582	0.00930232558139535
5	0.00465116279069768	0.0162790697674419	0.0302325581395349	0.948837209302326
6	0.0186046511627907	0.630232558139535	0.00930232558139535	0.341860465116279
7	0.00232558139534884	0.00930232558139535	0.00465116279069768	0.983720930232558
8	0.00697674418604651	0.988372093023256	0.00465116279069768	0.0
9	0.00232558139534884	0.0511627906976744	0.0	0.946511627906977
10	0.00232558139534884	0.00697674418604651	0.013953488372093	0.976744186046512
11	0.00930232558139535	0.00465116279069768	0.981395348837209	0.00465116279069768
12	0.495348837209302	0.0255813953488372	0.0116279069767442	0.467441860465116
13	0.967441860465116	0.00465116279069768	0.0186046511627907	0.00930232558139535
14	0.0930232558139535	0.00930232558139535	0.848837209302326	0.0488372093023256
15	0.486046511627907	0.00232558139534884	0.509302325581395	0.00232558139534884
16	0.00465116279069768	0.995348837209302	0.0	0.0
17	0.995348837209302	0.0	0.00465116279069768	0.0
18	0.216279069767442	0.0	0.783720930232558	0.0
19	0.00465116279069768	0.993023255813954	0.00232558139534884	0.0
20	1.0	0.0	0.0	0.0
21	0.0465116279069768	0.0790697674418605	0.295348837209302	0.579069767441861
22	0.972093023255814	0.00232558139534884	0.0232558139534884	0.00232558139534884
23	0.0465116279069768	0.423255813953488	0.00697674418604651	0.523255813953488
24	0.367441860465116	0.530232558139535	0.0186046511627907	0.0837209302325582
