Pos	A	C	G	T
1	0.0893970893970894	0.0977130977130977	0.758835758835759	0.0540540540540541
2	0.00207900207900208	0.979209979209979	0.00831600831600832	0.0103950103950104
3	0.00207900207900208	0.00207900207900208	0.918918918918919	0.0769230769230769
4	0.0103950103950104	0.972972972972973	0.00415800415800416	0.0124740124740125
5	0.00623700623700624	0.0145530145530146	0.968814968814969	0.0103950103950104
6	0.0145530145530146	0.95010395010395	0.0103950103950104	0.024948024948025
7	0.322245322245322	0.00207900207900208	0.0	0.675675675675676
8	0.0291060291060291	0.77962577962578	0.0977130977130977	0.0935550935550936
9	0.139293139293139	0.488565488565489	0.195426195426195	0.176715176715177
