Pos	A	C	G	T
1	0.0769136408067142	0.267688910690417	0.269259077579858	0.386138370923011
2	0.66771344459296	0.116879293343154	0.0230618252907427	0.192345436773143
3	0.976938174709257	0.0	0.0	0.0230618252907427
4	0.0723258096511088	0.856918547587223	0.0707556427616684	0.0
5	0.0	0.0476938174709257	0.952306182529074	0.0
6	0.0	0.0	0.024631992180183	0.975368007819817
7	0.0	0.929244357238332	0.0230618252907427	0.0476938174709257
8	0.0	1.0	0.0	0.0
9	0.0	0.0	0.929244357238332	0.0707556427616684
10	0.141511285523337	0.573895976540549	0.118449460232594	0.16614327770352
11	0.0476938174709257	0.16771344459296	0.310794897005737	0.473797840930377
12	0.452306182529074	0.0707556427616684	0.238469087354629	0.238469087354629
13	0.284592737936114	0.16614327770352	0.358488714476663	0.190775269883703
14	0.0707556427616684	0.476938174709257	0.406182531947589	0.0461236505814854
15	0.143081452412777	0.141511285523337	0.381550539767406	0.33385672229648
16	0.20885672229648	0.398061825290743	0.0657752698837029	0.327306182529074
