Pos	A	C	G	T
1	0.124248496993988	0.0781563126252505	0.595190380761523	0.202404809619239
2	0.0501002004008016	0.853707414829659	0.0380761523046092	0.0581162324649299
3	0.00801603206412826	0.943887775551102	0.00601202404809619	0.0420841683366734
4	0.274549098196393	0.609218436873748	0.030060120240481	0.0861723446893788
5	0.0120240480961924	0.943887775551102	0.0100200400801603	0.0340681362725451
6	0.42685370741483	0.00200400801603206	0.308617234468938	0.2625250501002
7	0.00400801603206413	0.977955911823647	0.00801603206412826	0.0100200400801603
8	0.00200400801603206	0.991983967935872	0.00200400801603206	0.00400801603206413
9	0.00801603206412826	0.947895791583166	0.0	0.0440881763527054
10	0.344689378757515	0.170340681362725	0.0220440881763527	0.462925851703407
11	0.0881763527054108	0.290581162324649	0.462925851703407	0.158316633266533
12	0.11623246492986	0.543086172344689	0.178356713426854	0.162324649298597
13	0.102204408817635	0.551102204408818	0.148296593186373	0.198396793587174
14	0.122244488977956	0.661322645290581	0.0901803607214429	0.12625250501002
15	0.170340681362725	0.476953907815631	0.110220440881764	0.24248496993988
