Pos	A	C	G	T
1	0.0347222222222222	0.284722222222222	0.638888888888889	0.0416666666666667
2	0.909722222222222	0.0416666666666667	0.0208333333333333	0.0277777777777778
3	0.00694444444444444	0.0138888888888889	0.0	0.979166666666667
4	0.0347222222222222	0.0	0.00694444444444444	0.958333333333333
5	0.00694444444444444	0.965277777777778	0.0138888888888889	0.0138888888888889
6	0.00694444444444444	0.881944444444444	0.0	0.111111111111111
7	0.895833333333333	0.0138888888888889	0.0763888888888889	0.0138888888888889
8	0.00694444444444444	0.0625	0.00694444444444444	0.923611111111111
9	0.0625	0.00694444444444444	0.0138888888888889	0.916666666666667
10	0.0347222222222222	0.861111111111111	0.0277777777777778	0.0763888888888889
11	0.0625	0.4375	0.479166666666667	0.0208333333333333
12	0.902777777777778	0.0	0.0347222222222222	0.0625
13	0.0	0.0138888888888889	0.215277777777778	0.770833333333333
14	0.0277777777777778	0.0138888888888889	0.0	0.958333333333333
15	0.00694444444444444	0.909722222222222	0.0486111111111111	0.0347222222222222
16	0.00694444444444444	0.972222222222222	0.0	0.0208333333333333
17	0.902777777777778	0.00694444444444444	0.0625	0.0277777777777778
18	0.0416666666666667	0.0277777777777778	0.0138888888888889	0.916666666666667
19	0.0138888888888889	0.00694444444444444	0.0416666666666667	0.9375
20	0.00694444444444444	0.888888888888889	0.0277777777777778	0.0763888888888889
