Pos	A	C	G	T
1	0.100719424460432	0.189448441247002	0.0599520383693046	0.649880095923262
2	0.0119904076738609	0.00959232613908873	0.00239808153477218	0.976019184652278
3	0.00239808153477218	0.870503597122302	0.0	0.127098321342926
4	0.0887290167865708	0.160671462829736	0.0215827338129496	0.729016786570744
5	0.637889688249401	0.0719424460431655	0.20863309352518	0.0815347721822542
6	0.00959232613908873	0.105515587529976	0.00239808153477218	0.882494004796163
7	0.0119904076738609	0.079136690647482	0.0119904076738609	0.896882494004796
8	0.00239808153477218	0.0239808153477218	0.00239808153477218	0.971223021582734
9	0.00719424460431655	0.901678657074341	0.0119904076738609	0.079136690647482
10	0.103117505995204	0.189448441247002	0.00239808153477218	0.705035971223022
11	0.0335731414868106	0.0239808153477218	0.00479616306954437	0.937649880095923
12	0.00719424460431655	0.805755395683453	0.0143884892086331	0.172661870503597
13	0.119904076738609	0.0959232613908873	0.0335731414868106	0.750599520383693
14	0.0623501199040767	0.0503597122302158	0.26378896882494	0.623501199040768
15	0.175059952038369	0.0503597122302158	0.640287769784173	0.134292565947242
16	0.3621103117506	0.0215827338129496	0.158273381294964	0.458033573141487
17	0.0839328537170264	0.0431654676258993	0.786570743405276	0.0863309352517986
18	0.0479616306954437	0.0407673860911271	0.052757793764988	0.858513189448441
19	0.0839328537170264	0.678657074340528	0.155875299760192	0.0815347721822542
20	0.860911270983214	0.0311750599520384	0.0335731414868106	0.0743405275779377
