Pos	A	C	G	T
1	0.0818284424379233	0.0389390519187359	0.0163656884875847	0.862866817155756
2	0.0344243792325056	0.0276523702031603	0.0366817155756208	0.901241534988713
3	0.0253950338600452	0.0253950338600452	0.0615124153498871	0.887697516930023
4	0.343679458239278	0.0637697516930023	0.142776523702032	0.449774266365689
5	0.0615124153498871	0.251128668171558	0.113431151241535	0.57392776523702
6	0.896726862302483	0.0321670428893905	0.0253950338600452	0.0457110609480813
7	0.00959367945823928	0.260158013544018	0.0141083521444695	0.716139954853273
8	0.215011286681716	0.0141083521444695	0.589729119638826	0.181151241534989
9	0.095372460496614	0.00959367945823928	0.883182844243792	0.0118510158013544
10	0.000564334085778781	0.689051918735892	0.00507900677200903	0.305304740406321
11	0.0208803611738149	0.02313769751693	0.00733634311512416	0.948645598194131
12	0.0253950338600452	0.12020316027088	0.826749435665914	0.0276523702031603
13	0.137697516930023	0.704288939051919	0.00451467268623025	0.153498871331828
14	0.785553047404063	0.0135440180586907	0.196388261851016	0.00451467268623025
15	0.0	0.0135440180586907	0.00451467268623025	0.981941309255079
16	0.832957110609481	0.00451467268623025	0.036117381489842	0.126410835214447
17	0.135440180586907	0.18961625282167	0.656884875846501	0.018058690744921
18	0.0112866817155756	0.0203160270880361	0.0586907449209932	0.909706546275395
19	0.959367945823928	0.0	0.018058690744921	0.0225733634311512
20	0.00451467268623025	0.117381489841986	0.0158013544018059	0.862302483069978
21	0.00677200902934537	0.00451467268623025	0.00225733634311512	0.986455981941309
22	0.0	0.950338600451467	0.0	0.0496613995485327
23	0.0203160270880361	0.943566591422122	0.00225733634311512	0.0338600451467269
24	0.839729119638826	0.0496613995485327	0.0451467268623025	0.0654627539503386
