Pos	A	C	G	T
1	0.0360721442885772	0.609218436873748	0.186372745490982	0.168336673346693
2	0.0541082164328657	0.705410821643287	0.120240480961924	0.120240480961924
3	0.108216432865731	0.629258517034068	0.144288577154309	0.118236472945892
4	0.0661322645290581	0.581162324649299	0.232464929859719	0.120240480961924
5	0.0581162324649299	0.587174348697395	0.266533066132265	0.0881763527054108
6	0.0681362725450902	0.575150300601203	0.196392785571142	0.160320641282565
7	0.0380761523046092	0.681362725450902	0.166332665330661	0.114228456913828
8	0.0360721442885772	0.705410821643287	0.176352705410822	0.0821643286573146
9	0.280561122244489	0.462925851703407	0.112224448897796	0.144288577154309
10	0.156312625250501	0.190380761523046	0.595190380761523	0.0581162324649299
11	0.0581162324649299	0.0140280561122245	0.867735470941884	0.0601202404809619
12	0.0400801603206413	0.911823647294589	0.030060120240481	0.0180360721442886
13	0.0160320641282565	0.915831663326653	0.00200400801603206	0.0661322645290581
14	0.0641282565130261	0.925851703406814	0.00801603206412826	0.00200400801603206
15	0.00200400801603206	0.987975951903808	0.0	0.0100200400801603
16	0.0100200400801603	0.00400801603206413	0.953907815631263	0.032064128256513
17	0.0	0.995991983967936	0.0	0.00400801603206413
18	0.0	0.991983967935872	0.00801603206412826	0.0
19	0.0	0.933867735470942	0.00801603206412826	0.0581162324649299
20	0.138276553106212	0.809619238476954	0.00801603206412826	0.0440881763527054
21	0.0380761523046092	0.66933867735471	0.100200400801603	0.192384769539078
22	0.146292585170341	0.332665330661323	0.206412825651303	0.314629258517034
