Pos	A	C	G	T
1	0.471774193548387	0.0745967741935484	0.262096774193548	0.191532258064516
2	0.0766129032258065	0.11491935483871	0.0584677419354839	0.75
3	0.032258064516129	0.120967741935484	0.0584677419354839	0.788306451612903
4	0.0403225806451613	0.233870967741936	0.0645161290322581	0.661290322580645
5	0.508064516129032	0.199596774193548	0.108870967741935	0.183467741935484
6	0.256048387096774	0.0907258064516129	0.479838709677419	0.173387096774194
7	0.25	0.141129032258065	0.169354838709677	0.439516129032258
8	0.0685483870967742	0.538306451612903	0.0645161290322581	0.328629032258065
9	0.0584677419354839	0.792338709677419	0.0262096774193548	0.122983870967742
10	0.57258064516129	0.151209677419355	0.0766129032258065	0.199596774193548
11	0.0725806451612903	0.11491935483871	0.0362903225806452	0.776209677419355
12	0.0141129032258065	0.0201612903225806	0.030241935483871	0.935483870967742
13	0.0201612903225806	0.120967741935484	0.0483870967741936	0.810483870967742
14	0.582661290322581	0.252016129032258	0.092741935483871	0.0725806451612903
15	0.0423387096774194	0.629032258064516	0.0262096774193548	0.30241935483871
16	0.629032258064516	0.100806451612903	0.125	0.145161290322581
17	0.0383064516129032	0.0987903225806452	0.0806451612903226	0.782258064516129
18	0.0645161290322581	0.0887096774193549	0.0544354838709677	0.792338709677419
19	0.0362903225806452	0.195564516129032	0.0524193548387097	0.715725806451613
20	0.67741935483871	0.0806451612903226	0.13508064516129	0.106854838709677
21	0.485887096774194	0.100806451612903	0.185483870967742	0.227822580645161
22	0.0625	0.032258064516129	0.0766129032258065	0.828629032258065
23	0.118951612903226	0.102822580645161	0.681451612903226	0.0967741935483871
24	0.153225806451613	0.118951612903226	0.0826612903225807	0.645161290322581
