Pos	A	C	G	T
1	0.435185185185185	0.0671296296296296	0.152777777777778	0.344907407407407
2	0.0717592592592593	0.0324074074074074	0.847222222222222	0.0486111111111111
3	0.724537037037037	0.0532407407407407	0.00925925925925926	0.212962962962963
4	0.0231481481481482	0.0	0.972222222222222	0.00462962962962963
5	0.00462962962962963	0.0	0.99537037037037	0.0
6	0.171296296296296	0.798611111111111	0.00462962962962963	0.025462962962963
7	0.863425925925926	0.0185185185185185	0.115740740740741	0.00231481481481482
8	0.983796296296296	0.00231481481481482	0.00925925925925926	0.00462962962962963
9	0.0115740740740741	0.0115740740740741	0.884259259259259	0.0925925925925926
10	0.534722222222222	0.171296296296296	0.280092592592593	0.0138888888888889
11	0.199074074074074	0.0601851851851852	0.425925925925926	0.314814814814815
12	0.18287037037037	0.68287037037037	0.0578703703703704	0.0763888888888889
