Pos	A	C	G	T
1	0.036	0.082	0.074	0.808
2	0.654	0.044	0.074	0.228
3	0.226	0.182	0.454	0.138
4	0.084	0.128	0.746	0.042
5	0.238	0.044	0.638	0.08
6	0.044	0.134	0.036	0.786
7	0.022	0.066	0.046	0.866
8	0.006	0.198	0.048	0.748
9	0.024	0.788	0.044	0.144
10	0.174	0.038	0.026	0.762
11	0.02	0.658	0.064	0.258
12	0.116	0.092	0.022	0.77
13	0.03	0.852	0.026	0.092
14	0.064	0.808	0.084	0.044
15	0.732	0.03	0.014	0.224
16	0.044	0.098	0.646	0.212
17	0.052	0.054	0.146	0.748
18	0.554	0.126	0.286	0.034
19	0.056	0.034	0.052	0.858
20	0.058	0.07	0.814	0.058
