Pos	A	C	G	T
1	0.306	0.36	0.242	0.092
2	0.046	0.358	0.304	0.292
3	0.43	0.118	0.362	0.09
4	0.02	0.246	0.67	0.064
5	0.004	0.738	0.006	0.252
6	0.03	0.0	0.904	0.066
7	0.058	0.9	0.02	0.022
8	0.01	0.98	0.008	0.002
9	0.29	0.64	0.036	0.034
10	0.002	0.65	0.0	0.348
11	0.004	0.994	0.0	0.002
12	0.024	0.052	0.038	0.886
13	0.242	0.042	0.612	0.104
14	0.01	0.368	0.602	0.02
15	0.06	0.286	0.018	0.636
16	0.002	0.0	0.99	0.008
17	0.036	0.048	0.876	0.04
18	0.116	0.588	0.092	0.204
19	0.15	0.526	0.176	0.148
20	0.424	0.128	0.368	0.08
