Pos	A	C	G	T
1	0.0	0.0	0.0	1.0
2	0.0	0.0155210643015521	0.024390243902439	0.960088691796009
3	0.0	0.00221729490022173	0.00221729490022173	0.995565410199557
4	0.00665188470066519	0.0	0.00443458980044346	0.988913525498891
5	0.0332594235033259	0.658536585365854	0.0509977827050998	0.257206208425721
6	0.920177383592018	0.0399113082039911	0.0177383592017738	0.0221729490022173
7	0.0598669623059867	0.0798226164079823	0.0310421286031042	0.829268292682927
8	0.0332594235033259	0.0	0.864745011086475	0.1019955654102
9	0.0199556541019956	0.00221729490022173	0.977827050997783	0.0
10	0.0	0.946784922394679	0.0155210643015521	0.0376940133037694
11	0.0155210643015521	0.0354767184035477	0.0	0.9490022172949
12	0.0288248337028825	0.00886917960088692	0.957871396895787	0.00443458980044346
13	0.348115299334812	0.458980044345898	0.00221729490022173	0.190687361419069
14	0.727272727272727	0.0199556541019956	0.252771618625277	0.0
15	0.0	0.0	0.0	1.0
16	0.977827050997783	0.00665188470066519	0.00886917960088692	0.00665188470066519
17	0.321507760532151	0.0620842572062084	0.607538802660754	0.00886917960088692
18	0.0	0.00665188470066519	0.0	0.993348115299335
19	0.975609756097561	0.0	0.0199556541019956	0.00443458980044346
20	0.0	0.0953436807095344	0.00665188470066519	0.898004434589801
21	0.0	0.0	0.0	1.0
22	0.0	0.991130820399113	0.0	0.00886917960088692
23	0.00665188470066519	0.946784922394679	0.0	0.0465631929046563
24	0.866962305986696	0.0310421286031042	0.0731707317073171	0.0288248337028825
