Pos	A	C	G	T
1	0.076	0.582	0.21	0.132
2	0.09	0.532	0.144	0.234
3	0.072	0.128	0.442	0.358
4	0.008	0.87	0.044	0.078
5	0.034	0.822	0.004	0.14
6	0.012	0.932	0.016	0.04
7	0.028	0.844	0.006	0.122
8	0.06	0.012	0.292	0.636
9	0.002	0.98	0.004	0.014
10	0.018	0.884	0.014	0.084
11	0.034	0.776	0.028	0.162
12	0.052	0.818	0.052	0.078
13	0.024	0.902	0.03	0.044
14	0.322	0.158	0.22	0.3
15	0.09	0.674	0.152	0.084
16	0.09	0.586	0.146	0.178
17	0.05	0.456	0.316	0.178
18	0.072	0.548	0.218	0.162
19	0.082	0.552	0.266	0.1
