Pos	A	C	G	T
1	0.43801652892562	0.330578512396694	0.104683195592287	0.126721763085399
2	0.0771349862258953	0.140495867768595	0.0247933884297521	0.757575757575758
3	0.0413223140495868	0.126721763085399	0.0606060606060606	0.771349862258953
4	0.184573002754821	0.490358126721763	0.068870523415978	0.256198347107438
5	0.148760330578512	0.641873278236915	0.0275482093663912	0.181818181818182
6	0.512396694214876	0.0743801652892562	0.0137741046831956	0.399449035812672
7	0.159779614325069	0.0606060606060606	0.275482093663912	0.504132231404959
8	0.214876033057851	0.0440771349862259	0.110192837465565	0.630853994490358
9	0.143250688705234	0.493112947658402	0.192837465564738	0.170798898071625
10	0.176308539944904	0.278236914600551	0.231404958677686	0.31404958677686
11	0.449035812672176	0.212121212121212	0.046831955922865	0.292011019283747
12	0.121212121212121	0.0798898071625345	0.168044077134986	0.630853994490358
13	0.0771349862258953	0.0192837465564738	0.209366391184573	0.694214876033058
14	0.0440771349862259	0.600550964187328	0.201101928374656	0.154269972451791
15	0.146005509641873	0.537190082644628	0.0	0.316804407713499
16	0.487603305785124	0.15702479338843	0.0633608815426997	0.292011019283747
17	0.0826446280991736	0.31404958677686	0.0358126721763085	0.567493112947658
18	0.121212121212121	0.0247933884297521	0.0110192837465565	0.84297520661157
19	0.0247933884297521	0.454545454545455	0.146005509641873	0.37465564738292
20	0.165289256198347	0.283746556473829	0.253443526170799	0.297520661157025
