Pos	A	C	G	T
1	0.0559911664713384	0.49491982571044	0.326366230650251	0.122722777511415
2	0.0746919734811728	0.589305424513953	0.18549085398388	0.150511748364438
3	0.0940044992052252	0.466038688462755	0.257940017667811	0.182016795007652
4	0.106829627701024	0.526531294083757	0.236977304030017	0.129661774528646
5	0.215906627000343	0.39259289104054	0.19019212432003	0.201308357982531
6	0.208380690237174	0.233437995778938	0.508124211098716	0.050057103228616
7	0.0728292464666408	0.218649868843774	0.604696122920083	0.103824762112946
8	0.0199320581942029	0.581705697596845	0.177574801585306	0.22078744296709
9	0.0277539466543678	0.786049142453195	0.0868857324766304	0.0993111787592508
10	0.0327318967564705	0.934589906242409	0.0201295694532501	0.0125486278913148
11	0.0509710100830952	0.900299241006655	0.0163720886920892	0.0323576605616047
12	0.0540346096993192	0.012803094516286	0.889741378691988	0.0434209174358504
13	0.0100614538747611	0.956926901043423	0.0208410117711174	0.0121706336541429
14	0.0393613925848676	0.918604772916877	0.00424064637850309	0.0377931884631962
15	0.0186169316457658	0.630486201632964	0.0548717021688227	0.296025164895892
16	0.0981341285110545	0.706114964076788	0.0557475355399585	0.140003372215643
17	0.0678514661175447	0.656844526936524	0.100101268107023	0.175202739182352
18	0.105575900035134	0.384352792409317	0.222099264918368	0.287972042980624
19	0.106236952512774	0.420572925739356	0.318687016561826	0.154503105529488
20	0.062423121560286	0.504652285089158	0.282179419222974	0.150745174471026
21	0.0509449406782356	0.522944228506859	0.246120608752227	0.179990222406123
22	0.0522498269301212	0.569093998115286	0.250150294661449	0.128505880636588
