Pos	A	C	G	T
1	0.339092872570194	0.0539956803455724	0.568034557235421	0.0388768898488121
2	0.451403887688985	0.041036717062635	0.485961123110151	0.0215982721382289
3	0.930885529157668	0.0367170626349892	0.0259179265658747	0.00647948164146868
4	0.0129589632829374	0.963282937365011	0.0129589632829374	0.0107991360691145
5	0.00863930885529158	0.0755939524838013	0.00647948164146868	0.909287257019439
6	0.818574514038877	0.0755939524838013	0.0431965442764579	0.0626349892008639
7	0.00215982721382289	0.965442764578834	0.0107991360691145	0.0215982721382289
8	0.825053995680346	0.0518358531317495	0.0928725701943845	0.0302375809935205
9	0.429805615550756	0.107991360691145	0.0885529157667387	0.373650107991361
10	0.0907127429805616	0.330453563714903	0.0971922246220303	0.481641468682505
11	0.0323974082073434	0.0583153347732182	0.0302375809935205	0.879049676025918
12	0.0129589632829374	0.956803455723542	0.00215982721382289	0.0280777537796976
13	0.0107991360691145	0.980561555075594	0.00431965442764579	0.00431965442764579
14	0.0	0.980561555075594	0.00647948164146868	0.0129589632829374
15	0.799136069114471	0.0237580993520518	0.166306695464363	0.0107991360691145
16	0.0799136069114471	0.0777537796976242	0.72354211663067	0.118790496760259
17	0.308855291576674	0.44060475161987	0.207343412526998	0.0431965442764579
18	0.695464362850972	0.0712742980561555	0.205183585313175	0.0280777537796976
19	0.101511879049676	0.0539956803455724	0.390928725701944	0.453563714902808
20	0.060475161987041	0.209503239740821	0.639308855291577	0.0907127429805616
21	0.0345572354211663	0.909287257019439	0.0259179265658747	0.0302375809935205
22	0.272138228941685	0.501079913606912	0.0583153347732182	0.168466522678186
