Pos	A	C	G	T
1	0.106776180698152	0.429158110882957	0.386036960985626	0.0780287474332649
2	0.893223819301848	0.0246406570841889	0.0574948665297741	0.0246406570841889
3	0.811088295687885	0.0739219712525667	0.0574948665297741	0.0574948665297741
4	0.0513347022587269	0.0143737166324435	0.0164271047227926	0.917864476386037
5	0.262833675564682	0.706365503080082	0.0205338809034908	0.0102669404517454
6	0.117043121149897	0.852156057494867	0.0143737166324435	0.0164271047227926
7	0.91170431211499	0.0369609856262834	0.0287474332648871	0.0225872689938398
8	0.0102669404517454	0.940451745379877	0.0246406570841889	0.0246406570841889
9	0.767967145790555	0.053388090349076	0.0472279260780288	0.131416837782341
