Pos	A	C	G	T
1	0.134316186138729	0.368139442744663	0.373875255572139	0.123669116386133
2	0.302173304140272	0.292350790290031	0.30477237166806	0.100703534743304
3	0.100703534743304	0.251537022905079	0.563026513078875	0.0847329301144095
4	0.161036930008013	0.31187041816979	0.445908745800319	0.0811839068635441
5	0.109576092870466	0.279929208912002	0.513340187566761	0.097154511492438
6	0.11844865099763	0.373566047108757	0.340262604176712	0.167722698558567
7	0.146840837004552	0.470751908556377	0.235566418276185	0.146840837004552
8	0.0896128370843493	0.392642047082157	0.339818976270355	0.177926140404804
9	0.0718677208300227	0.582102513052276	0.199632557861174	0.146397209098195
10	0.992901954339928	0.00354902325086531	0.00177451162543266	0.00177451162543266
11	0.00354902325086531	0.00354902325086531	0.992901954339928	0.0
12	0.0	0.00177451162543266	0.998225489216226	0.0
13	0.0	0.99467646596536	0.00532353487629798	0.0
14	0.00177451162543266	0.885069023139717	0.0883133033204553	0.0248431627560573
15	0.0195196278797592	0.326097861128433	0.266176743814899	0.388205768018577
16	0.225806604336306	0.409943535430127	0.2999238146533	0.064326046421934
17	0.200963441580248	0.0075416744080888	0.778629675568938	0.0128652092843868
18	0.138443256738928	0.342512093663685	0.497306883027505	0.02173776741155
19	0.126774511730641	0.524265115827559	0.123225488479776	0.225734884803691
