Pos	A	C	G	T
1	0.115384615384615	0.576923076923077	0.269230769230769	0.0384615384615385
2	0.0769230769230769	0.269230769230769	0.192307692307692	0.461538461538461
3	0.346153846153846	0.0	0.0	0.653846153846154
4	0.807692307692308	0.0	0.192307692307692	0.0
5	0.653846153846154	0.0	0.115384615384615	0.230769230769231
6	0.269230769230769	0.0	0.730769230769231	0.0
7	0.0384615384615385	0.0	0.0	0.961538461538461
8	0.961538461538461	0.0384615384615385	0.0	0.0
9	0.961538461538461	0.0	0.0	0.0384615384615385
10	0.961538461538461	0.0	0.0	0.0384615384615385
11	0.0	1.0	0.0	0.0
12	1.0	0.0	0.0	0.0
13	0.5	0.0769230769230769	0.153846153846154	0.269230769230769
14	0.230769230769231	0.346153846153846	0.0769230769230769	0.346153846153846
15	0.211538461538462	0.173076923076923	0.480769230769231	0.134615384615385
