Pos	A	C	G	T
1	0.15530303030303	0.140151515151515	0.685606060606061	0.0189393939393939
2	0.0	0.0	1.0	0.0
3	0.0	0.787878787878788	0.212121212121212	0.0
4	0.0	0.0	1.0	0.0
5	0.0	0.787878787878788	0.136363636363636	0.0757575757575758
6	0.0	0.0378787878787879	0.962121212121212	0.0
7	0.666666666666667	0.196969696969697	0.136363636363636	0.0
8	0.878787878787879	0.121212121212121	0.0	0.0
9	0.666666666666667	0.0	0.0757575757575758	0.257575757575758
10	0.0416666666666667	0.738636363636364	0.0416666666666667	0.178030303030303
