Pos	A	C	G	T
1	0.185714285714286	0.0642857142857143	0.15	0.6
2	0.0404761904761905	0.0190476190476191	0.933333333333333	0.00714285714285715
3	0.95	0.00952380952380953	0.0214285714285714	0.0190476190476191
4	0.0714285714285714	0.261904761904762	0.326190476190476	0.340476190476191
5	0.116666666666667	0.0904761904761905	0.245238095238095	0.547619047619048
6	0.0380952380952381	0.0357142857142857	0.890476190476191	0.0357142857142857
7	0.580952380952381	0.0523809523809524	0.361904761904762	0.00476190476190476
8	0.0428571428571429	0.880952380952381	0.0190476190476191	0.0571428571428571
9	0.545238095238095	0.0166666666666667	0.340476190476191	0.0976190476190476
10	0.0571428571428571	0.104761904761905	0.685714285714286	0.152380952380952
11	0.0952380952380953	0.342857142857143	0.426190476190476	0.135714285714286
