Pos	A	C	G	T
1	0.416171049743483	0.158847204750964	0.257931834362968	0.167049911142585
2	0.106679346633178	0.330020550860407	0.0943532052746978	0.468946897231718
3	0.0351544559640934	0.021092673578456	0.0	0.94375287045745
4	0.95017577227982	0.0175772279820467	0.010546336789228	0.0217006629489048
5	1.0	0.0	0.0	0.0
6	0.0	0.010546336789228	0.0	0.989453663210772
7	0.0	0.0	0.0	1.0
8	0.989453663210772	0.010546336789228	0.0	0.0
9	0.961330098439497	0.021092673578456	0.00703089119281867	0.010546336789228
10	0.235015192673166	0.156503574353357	0.021092673578456	0.587388559395021
11	0.00820270639162179	0.101992085837965	0.0949611946451466	0.794844013125266
12	0.224513019426032	0.213358693266356	0.041013531958109	0.521114755349503
13	0.201184549250488	0.181871680241284	0.0722407138400509	0.544703056668178
