Pos	A	C	G	T
1	0.226907630522088	0.234939759036145	0.325301204819277	0.21285140562249
2	0.0682730923694779	0.552208835341366	0.130522088353414	0.248995983935743
3	0.242971887550201	0.00602409638554217	0.00602409638554217	0.744979919678715
4	0.632530120481928	0.00200803212851406	0.36144578313253	0.00401606425702811
5	0.899598393574297	0.0662650602409639	0.0200803212851406	0.0140562248995984
6	0.0200803212851406	0.00200803212851406	0.110441767068273	0.867469879518072
7	0.0120481927710843	0.0	0.431726907630522	0.556224899598394
8	0.485943775100402	0.0441767068273092	0.449799196787149	0.0200803212851406
9	0.443775100401607	0.301204819277109	0.234939759036145	0.0200803212851406
