Pos	A	C	G	T
1	0.238709677419355	0.111827956989247	0.29247311827957	0.356989247311828
2	0.187096774193548	0.348387096774194	0.363440860215054	0.101075268817204
3	0.2	0.427956989247312	0.141935483870968	0.23010752688172
4	0.402150537634409	0.146236559139785	0.0473118279569893	0.404301075268817
5	0.595698924731183	0.0709677419354839	0.223655913978495	0.109677419354839
6	0.462365591397849	0.0408602150537635	0.202150537634409	0.294623655913979
7	0.279569892473118	0.0623655913978495	0.6	0.0580645161290323
8	0.234408602150538	0.225806451612903	0.2	0.339784946236559
9	0.851612903225807	0.0946236559139785	0.0	0.0537634408602151
10	0.802150537634409	0.0494623655913979	0.111827956989247	0.0365591397849462
11	0.819354838709678	0.0365591397849462	0.0516129032258065	0.0924731182795699
12	0.0193548387096774	0.873118279569893	0.0688172043010753	0.0387096774193548
13	0.802150537634409	0.0559139784946237	0.00645161290322581	0.135483870967742
14	0.397849462365591	0.266666666666667	0.217204301075269	0.118279569892473
15	0.367741935483871	0.298924731182796	0.176344086021505	0.156989247311828
