Pos	A	C	G	T
1	0.192307692307692	0.00404858299595142	0.0303643724696356	0.773279352226721
2	0.0769230769230769	0.0263157894736842	0.858299595141701	0.0384615384615385
3	0.953441295546559	0.0182186234817814	0.00404858299595142	0.0242914979757085
4	0.0283400809716599	0.149797570850202	0.062753036437247	0.759109311740891
5	0.180161943319838	0.01417004048583	0.145748987854251	0.659919028340081
6	0.161943319838057	0.0647773279352227	0.753036437246964	0.0202429149797571
7	0.892712550607288	0.0607287449392713	0.0344129554655871	0.0121457489878543
8	0.0566801619433198	0.0647773279352227	0.15587044534413	0.722672064777328
9	0.0688259109311741	0.0769230769230769	0.562753036437247	0.291497975708502
