Pos	A	C	G	T
1	0.127551020408163	0.290816326530612	0.387755102040816	0.193877551020408
2	0.127551020408163	0.387755102040816	0.0510204081632653	0.433673469387755
3	0.25	0.0255102040816327	0.00510204081632653	0.719387755102041
4	0.954081632653061	0.00510204081632653	0.0204081632653061	0.0204081632653061
5	0.989795918367347	0.0	0.0102040816326531	0.0
6	0.0	0.0	0.321428571428571	0.678571428571429
7	0.00510204081632653	0.979591836734694	0.0	0.0153061224489796
8	0.0	0.841836734693878	0.0	0.158163265306122
9	0.153061224489796	0.581632653061224	0.0	0.26530612244898
10	0.153061224489796	0.316326530612245	0.0510204081632653	0.479591836734694
