Pos	A	C	G	T
1	0.150602409638554	0.0883534136546185	0.0803212851405623	0.680722891566265
2	0.034136546184739	0.0	0.0240963855421687	0.941767068273093
3	0.937751004016064	0.00401606425702811	0.0562248995983936	0.00200803212851406
4	0.995983935742972	0.0	0.00200803212851406	0.00200803212851406
5	0.00200803212851406	0.00200803212851406	0.969879518072289	0.0261044176706827
6	0.0180722891566265	0.0	0.0140562248995984	0.967871485943775
7	0.0863453815261044	0.0	0.897590361445783	0.0160642570281125
8	0.0522088353413655	0.257028112449799	0.303212851405623	0.387550200803213
9	0.248995983935743	0.132530120481928	0.126506024096386	0.491967871485944
10	0.200803212851406	0.162650602409639	0.0622489959839357	0.57429718875502
