Pos	A	C	G	T
1	0.218934909333486	0.112426034522601	0.615384610018445	0.0532544374054424
2	0.0532544374054424	0.331360943856086	0.443786978378687	0.171597631639759
3	0.106508874810885	0.556213012901287	0.0532544374054424	0.284023666162359
4	0.266272187027212	0.449704138090402	0.224852069045201	0.0591715971171582
5	0.674556207135604	0.0	0.325443784144371	0.0
6	0.230769228756917	0.159763312216327	0.550295853189572	0.0591715971171582
7	0.946745553874532	0.0	0.0532544374054424	0.0
8	0.0	0.0	0.999999991279974	0.0
9	0.0	0.0	0.775147922234773	0.224852069045201
10	0.0	0.0	0.0	0.999999991279974
11	0.0	0.999999991279974	0.0	0.0
12	0.940828394162815	0.0	0.0	0.0591715971171582
13	0.0931952654595242	0.264792897099283	0.377218931621884	0.264792897099283
