Pos	A	C	G	T
1	0.308	0.148	0.42	0.124
2	0.546	0.072	0.298	0.084
3	0.688	0.118	0.1	0.094
4	0.718	0.084	0.092	0.106
5	0.258	0.234	0.308	0.2
6	0.254	0.186	0.144	0.416
7	0.142	0.004	0.85	0.004
8	0.95	0.006	0.044	0.0
9	0.988	0.002	0.002	0.008
10	0.998	0.0	0.0	0.002
11	0.12	0.38	0.484	0.016
12	0.106	0.196	0.004	0.694
13	0.076	0.004	0.916	0.004
14	0.936	0.01	0.05	0.004
15	0.992	0.0	0.006	0.002
16	0.976	0.002	0.01	0.012
17	0.046	0.416	0.514	0.024
18	0.118	0.284	0.048	0.55
19	0.424	0.132	0.324	0.12
20	0.464	0.138	0.254	0.144
