Pos	A	C	G	T
1	0.152917505030181	0.450704225352113	0.0744466800804829	0.321931589537223
2	0.388329979879276	0.0985915492957747	0.0824949698189135	0.430583501006036
3	0.0925553319919517	0.754527162977867	0.0261569416498994	0.126760563380282
4	0.943661971830986	0.03420523138833	0.0100603621730382	0.0120724346076459
5	0.028169014084507	0.0120724346076459	0.0100603621730382	0.949698189134809
6	0.167002012072435	0.0221327967806841	0.792756539235413	0.0181086519114688
7	0.422535211267606	0.531187122736419	0.00804828973843059	0.0382293762575453
8	0.959758551307847	0.0241448692152918	0.00201207243460765	0.0140845070422535
9	0.0543259557344064	0.0261569416498994	0.0201207243460765	0.899396378269618
10	0.885311871227364	0.0201207243460765	0.00201207243460765	0.0925553319919517
11	0.175050301810865	0.0362173038229376	0.028169014084507	0.76056338028169
12	0.13682092555332	0.0140845070422535	0.430583501006036	0.41851106639839
13	0.0603621730382294	0.62374245472837	0.0945674044265594	0.221327967806841
14	0.810865191146881	0.128772635814889	0.0241448692152918	0.0362173038229376
15	0.275653923541248	0.0603621730382294	0.0643863179074447	0.599597585513079
16	0.48692152917505	0.096579476861167	0.185110663983903	0.231388329979879
