Pos	A	C	G	T
1	0.341392419256247	0.261790341991314	0.308834144725135	0.0879830940273236
2	0.0672128296430773	0.0840884768698766	0.766479824386596	0.0822188691004529
3	0.750296720432401	0.0685647361978808	0.117061017681048	0.0640775256886746
4	0.692768717002832	0.0605789405833697	0.1106459278958	0.136006414518004
5	0.120980577681475	0.230400031135396	0.280198073073848	0.368421318109299
6	0.30440439040205	0.18992100104074	0.415817934655199	0.0898566739020313
7	0.0960469732972951	0.0361830540862945	0.0787381748539951	0.78903179776242
8	0.0645455836956044	0.0485172066217232	0.0926486157155826	0.794288593967094
9	0.0442910939366266	0.795094907058244	0.120599999422191	0.0400139995829433
10	0.0677002010613297	0.137598120372055	0.161984052696792	0.632717625869833
11	0.582009114133287	0.177806331700677	0.174563806129548	0.0656207480364957
12	0.016863548671149	0.119123162364879	0.810128754553208	0.0538845344107648
13	0.725305699786918	0.0617122042254761	0.114388240532071	0.0985938554555405
14	0.550779981078705	0.162435031943252	0.138522027796485	0.148262959181578
