Pos	A	C	G	T
1	0.187931033906726	0.194827585609725	0.505172412244683	0.112068965173735
2	0.344827585149954	0.0620689653269919	0.372413791961951	0.220689654495971
3	0.0	0.0	0.193103447683975	0.806896549250894
4	0.289655171525962	0.0	0.124137930653984	0.586206894754923
5	0.0620689653269919	0.0	0.0	0.937931031607878
6	0.262068964713965	0.0	0.0	0.737931032220904
7	0.999999996934869	0.0	0.0	0.0
8	0.0	0.172413792574977	0.0	0.827586204359892
9	0.110344827247986	0.0620689653269919	0.23448275790197	0.593103446457922
10	0.0	0.0620689653269919	0.765517239032899	0.172413792574977
11	0.0999999996934869	0.189655171832475	0.679310342745411	0.0310344826634959
