Pos	A	C	G	T
1	0.30784708249497	0.0422535211267606	0.382293762575453	0.267605633802817
2	0.126760563380282	0.146881287726358	0.6841046277666	0.0422535211267606
3	0.028169014084507	0.895372233400403	0.0523138832997988	0.0241448692152918
4	0.937625754527163	0.00804828973843059	0.0261569416498994	0.028169014084507
5	0.0301810865191147	0.104627766599598	0.824949698189135	0.0402414486921529
6	0.0945674044265594	0.58953722334004	0.299798792756539	0.0160965794768612
7	0.0905432595573441	0.00603621730382294	0.00804828973843059	0.895372233400403
8	0.00402414486921529	0.0140845070422535	0.951710261569417	0.0301810865191147
9	0.0845070422535211	0.106639839034205	0.460764587525151	0.348088531187123
10	0.0925553319919517	0.27364185110664	0.529175050301811	0.104627766599598
