Pos	A	C	G	T
1	0.0898876404494382	0.119101123595506	0.608988764044944	0.182022471910112
2	0.689887640449438	0.0853932584269663	0.112359550561798	0.112359550561798
3	0.0808988764044944	0.447191011235955	0.328089887640449	0.143820224719101
4	0.107865168539326	0.0808988764044944	0.0584269662921348	0.752808988764045
5	0.170786516853933	0.676404494382023	0.0741573033707865	0.0786516853932584
6	0.838202247191011	0.0314606741573034	0.051685393258427	0.0786516853932584
7	0.128089887640449	0.267415730337079	0.253932584269663	0.350561797752809
8	0.447191011235955	0.10561797752809	0.0719101123595506	0.375280898876405
9	0.0674157303370787	0.184269662921348	0.184269662921348	0.564044943820225
10	0.0471910112359551	0.0719101123595506	0.051685393258427	0.829213483146068
11	0.0134831460674157	0.0382022471910112	0.0	0.948314606741573
12	0.00224719101123596	0.0179775280898876	0.00898876404494382	0.970786516853933
13	0.00224719101123596	0.991011235955056	0.00449438202247191	0.00224719101123596
14	0.0	0.991011235955056	0.00224719101123596	0.00674157303370787
15	0.687640449438202	0.0719101123595506	0.0404494382022472	0.2
