Pos	A	C	G	T
1	0.123595505617978	0.101123595505618	0.112359550561798	0.662921348314607
2	0.0280898876404494	0.112359550561798	0.758426966292135	0.101123595505618
3	0.0730337078651685	0.0449438202247191	0.685393258426966	0.196629213483146
4	0.443820224719101	0.331460674157303	0.213483146067416	0.0112359550561798
5	0.617977528089888	0.162921348314607	0.134831460674157	0.0842696629213483
6	0.174157303370787	0.0955056179775281	0.0280898876404494	0.702247191011236
7	0.0168539325842697	0.0617977528089888	0.00561797752808989	0.915730337078652
8	0.0168539325842697	0.348314606741573	0.0168539325842697	0.617977528089888
9	0.0112359550561798	0.904494382022472	0.0	0.0842696629213483
10	0.00561797752808989	0.98314606741573	0.0	0.0112359550561798
11	0.0393258426966292	0.814606741573034	0.00561797752808989	0.140449438202247
12	0.174157303370787	0.303370786516854	0.0393258426966292	0.48314606741573
13	0.320224719101124	0.117977528089888	0.140449438202247	0.421348314606742
14	0.0730337078651685	0.48314606741573	0.168539325842697	0.275280898876405
15	0.348314606741573	0.258426966292135	0.0842696629213483	0.308988764044944
