Pos	A	C	G	T
1	0.247191011235955	0.049438202247191	0.557303370786517	0.146067415730337
2	0.132584269662921	0.112359550561798	0.70561797752809	0.049438202247191
3	0.301123595505618	0.0764044943820225	0.498876404494382	0.123595505617978
4	0.0696629213483146	0.139325842696629	0.112359550561798	0.678651685393259
5	0.0651685393258427	0.680898876404495	0.119101123595506	0.134831460674157
6	0.624719101123596	0.130337078651685	0.148314606741573	0.0966292134831461
7	0.325842696629214	0.0853932584269663	0.447191011235955	0.141573033707865
8	0.498876404494382	0.0337078651685393	0.456179775280899	0.0112359550561798
9	0.847191011235955	0.00224719101123596	0.143820224719101	0.00674157303370787
10	0.0247191011235955	0.0269662921348315	0.937078651685393	0.0112359550561798
11	0.0269662921348315	0.00674157303370787	0.267415730337079	0.698876404494382
12	0.00224719101123596	0.0224719101123596	0.0247191011235955	0.950561797752809
13	0.0134831460674157	0.950561797752809	0.0224719101123596	0.0134831460674157
14	0.97752808988764	0.00674157303370787	0.0134831460674157	0.00224719101123596
15	0.842696629213483	0.0292134831460674	0.110112359550562	0.0179775280898876
16	0.0696629213483146	0.0157303370786517	0.876404494382023	0.0382022471910112
17	0.0539325842696629	0.0449438202247191	0.865168539325843	0.0359550561797753
18	0.103370786516854	0.0966292134831461	0.0966292134831461	0.703370786516854
19	0.0426966292134832	0.78876404494382	0.0898876404494382	0.0786516853932584
20	0.78876404494382	0.0359550561797753	0.0898876404494382	0.0853932584269663
