Pos	A	C	G	T
1	0.433877990354	0.171134653844823	0.235131907571504	0.159855443979358
2	0.470799482888624	0.0987685284769589	0.133228588175941	0.29720339620816
3	0.0852089572916867	0.0610435343239121	0.0580898149211423	0.795657689212944
4	0.0	0.0312818876018919	0.016737743282363	0.95198036486543
5	0.0	0.0275680477591861	0.0	0.972431947990498
6	0.0	0.0	0.0	0.999999995749685
7	0.0	0.999999995749685	0.0	0.0
8	0.0	0.999999995749685	0.0	0.0
9	0.54202165419564	0.145289609070585	0.0563668119361931	0.256321920547266
