Pos	A	C	G	T
1	0.12	0.252	0.146	0.482
2	0.078	0.202	0.106	0.614
3	0.336	0.312	0.224	0.128
4	0.334	0.164	0.38	0.122
5	0.138	0.674	0.128	0.06
6	0.67	0.072	0.162	0.096
7	0.198	0.174	0.408	0.22
8	0.182	0.252	0.402	0.164
9	0.244	0.166	0.34	0.25
10	0.47	0.19	0.23	0.11
11	0.344	0.052	0.438	0.166
12	0.06	0.128	0.748	0.064
13	0.038	0.016	0.004	0.942
14	0.002	0.014	0.97	0.014
15	0.224	0.052	0.044	0.68
16	0.032	0.152	0.632	0.184
17	0.906	0.02	0.062	0.012
18	0.66	0.058	0.222	0.06
19	0.35	0.088	0.262	0.3
20	0.2	0.136	0.198	0.466
