Pos	A	C	G	T
1	0.136	0.272	0.112	0.48
2	0.176	0.238	0.164	0.422
3	0.19	0.122	0.202	0.486
4	0.124	0.372	0.288	0.216
5	0.094	0.304	0.094	0.508
6	0.138	0.162	0.146	0.554
7	0.09	0.078	0.094	0.738
8	0.146	0.39	0.236	0.228
9	0.536	0.058	0.23	0.176
10	0.044	0.254	0.502	0.2
11	0.016	0.046	0.014	0.924
12	0.004	0.044	0.02	0.932
13	0.022	0.052	0.016	0.91
14	0.004	0.838	0.012	0.146
15	0.396	0.16	0.112	0.332
16	0.186	0.142	0.33	0.342
17	0.038	0.084	0.034	0.844
18	0.0	0.034	0.036	0.93
19	0.014	0.244	0.018	0.724
20	0.016	0.584	0.042	0.358
21	0.05	0.508	0.074	0.368
22	0.1	0.33	0.094	0.476
