Pos	A	C	G	T
1	0.142857142857143	0.0317460317460317	0.484126984126984	0.341269841269841
2	0.0238095238095238	0.0634920634920635	0.801587301587302	0.111111111111111
3	0.0873015873015873	0.722222222222222	0.142857142857143	0.0476190476190476
4	0.5	0.341269841269841	0.0396825396825397	0.119047619047619
5	0.0238095238095238	0.158730158730159	0.0158730158730159	0.801587301587302
6	0.0238095238095238	0.222222222222222	0.396825396825397	0.357142857142857
7	0.0396825396825397	0.80952380952381	0.0714285714285714	0.0793650793650794
8	0.0476190476190476	0.150793650793651	0.0	0.801587301587302
9	0.0158730158730159	0.00793650793650794	0.952380952380952	0.0238095238095238
10	0.0238095238095238	0.0	0.936507936507937	0.0396825396825397
11	0.0714285714285714	0.0158730158730159	0.865079365079365	0.0476190476190476
12	0.825396825396825	0.0317460317460317	0.103174603174603	0.0396825396825397
13	0.380952380952381	0.126984126984127	0.412698412698413	0.0793650793650794
14	0.277777777777778	0.0714285714285714	0.0793650793650794	0.571428571428571
15	0.0238095238095238	0.103174603174603	0.0555555555555556	0.817460317460317
16	0.0	0.0238095238095238	0.936507936507937	0.0396825396825397
17	0.0158730158730159	0.0476190476190476	0.0793650793650794	0.857142857142857
18	0.880952380952381	0.0158730158730159	0.0873015873015873	0.0158730158730159
19	0.0158730158730159	0.0	0.984126984126984	0.0
20	0.0238095238095238	0.00793650793650794	0.0476190476190476	0.920634920634921
21	0.0476190476190476	0.388888888888889	0.0634920634920635	0.5
22	0.0317460317460317	0.531746031746032	0.0555555555555556	0.380952380952381
