Pos	A	C	G	T
1	0.140845070422535	0.338028169014085	0.197183098591549	0.323943661971831
2	0.0845070422535211	0.36150234741784	0.190140845070423	0.363849765258216
3	0.476525821596244	0.10093896713615	0.333333333333333	0.0892018779342723
4	0.316901408450704	0.068075117370892	0.483568075117371	0.131455399061033
5	0.00469483568075117	0.94131455399061	0.028169014084507	0.0258215962441315
6	0.0187793427230047	0.971830985915493	0.00704225352112676	0.00234741784037559
7	0.927230046948357	0.0258215962441315	0.00938967136150235	0.0375586854460094
8	0.906103286384977	0.039906103286385	0.0469483568075117	0.00704225352112676
9	0.028169014084507	0.0539906103286385	0.0187793427230047	0.89906103286385
10	0.126760563380282	0.530516431924883	0.258215962441315	0.0845070422535211
11	0.612676056338028	0.0868544600938967	0.274647887323944	0.0258215962441315
12	0.173708920187793	0.154929577464789	0.565727699530516	0.105633802816901
13	0.448356807511737	0.26056338028169	0.187793427230047	0.103286384976526
14	0.356807511737089	0.0845070422535211	0.396713615023474	0.161971830985916
