Pos	A	C	G	T
1	0.296	0.2	0.29	0.213
2	0.29	0.191	0.277	0.242
3	0.258	0.208	0.296	0.238
4	0.305	0.221	0.255	0.219
5	0.294	0.167	0.266	0.273
6	0.167	0.337	0.307	0.189
7	0.593	0.001	0.001	0.405
8	0.001	0.001	0.997	0.001
9	0.997	0.001	0.001	0.001
10	0.001	0.001	0.001	0.997
11	0.423	0.168	0.236	0.172
12	0.391	0.001	0.213	0.395
13	0.168	0.257	0.183	0.392
14	0.997	0.001	0.001	0.001
15	0.001	0.001	0.001	0.997
16	0.001	0.997	0.001	0.001
17	0.413	0.001	0.001	0.585
18	0.197	0.298	0.334	0.172
19	0.302	0.29	0.127	0.281
20	0.253	0.245	0.212	0.29
