Pos	A	C	G	T
1	0.239	0.241	0.269	0.254
2	0.325	0.138	0.349	0.19
3	0.266	0.109	0.416	0.211
4	0.476	0.057	0.343	0.126
5	0.018	0.854	0.046	0.083
6	0.674	0.108	0.054	0.165
7	0.22	0.029	0.1	0.652
8	0.003	0.004	0.987	0.007
9	0.076	0.405	0.022	0.499
10	0.156	0.526	0.078	0.241
11	0.175	0.341	0.137	0.348
12	0.341	0.132	0.36	0.168
13	0.238	0.078	0.535	0.15
14	0.498	0.021	0.406	0.077
15	0.006	0.99	0.003	0.002
16	0.653	0.099	0.028	0.221
17	0.17	0.056	0.118	0.657
18	0.086	0.07	0.826	0.019
19	0.135	0.334	0.052	0.481
20	0.198	0.421	0.108	0.275
