Pos	A	C	G	T
1	0.142857142857143	0.19047619047619	0.0	0.666666666666667
2	0.30952380952381	0.619047619047619	0.0	0.0714285714285714
3	0.857142857142857	0.0	0.142857142857143	0.0
4	0.0	0.0	0.0	1.0
5	0.833333333333333	0.0	0.0714285714285714	0.0952380952380952
6	1.0	0.0	0.0	0.0
7	0.886904761904762	0.0773809523809524	0.00595238095238095	0.0297619047619048
8	0.720238095238095	0.0535714285714286	0.0297619047619048	0.196428571428571
9	0.196428571428571	0.505952380952381	0.125	0.172619047619048
10	0.43452380952381	0.315476190476191	0.101190476190476	0.148809523809524
