Pos	A	C	G	T
1	0.734999999999999	0.0858333333333337	0.110833333333334	0.0683333333333335
2	0.794999999999999	0.161666666666667	0.00500000000000002	0.0383333333333335
3	0.0483333333333335	0.905833333333331	0.0	0.0458333333333335
4	0.961666666666665	0.0	0.0383333333333335	0.0
5	0.0433333333333335	0.142500000000001	0.181666666666668	0.632499999999999
6	0.433333333333333	0.221666666666668	0.345000000000001	0.0
7	0.0	0.086666666666667	0.0333333333333334	0.879999999999998
8	0.0	0.0	0.999999999999998	0.0
9	0.0433333333333335	0.4425	0.197500000000001	0.316666666666668
10	0.0350000000000001	0.343333333333334	0.350833333333334	0.270833333333335
11	0.380000000000001	0.205000000000001	0.415	0.0
12	0.335000000000001	0.118333333333334	0.361666666666668	0.185000000000001
