Pos	A	C	G	T
1	0.0	0.0	1.0	0.0
2	0.0	1.0	0.0	0.0
3	0.0	1.0	0.0	0.0
4	0.0273972602739726	0.445205479452055	0.212328767123288	0.315068493150685
5	0.0958904109589041	0.315068493150685	0.397260273972603	0.191780821917808
6	0.315068493150685	0.23972602739726	0.39041095890411	0.0547945205479452
7	0.191780821917808	0.089041095890411	0.636986301369863	0.0821917808219178
8	0.0821917808219178	0.0616438356164384	0.794520547945205	0.0616438356164384
9	0.0753424657534247	0.383561643835616	0.431506849315068	0.10958904109589
