Pos	A	C	G	T
1	0.3	0.2	0.4	0.1
2	0.181818181818182	0.363636363636364	0.363636363636364	0.0909090909090909
3	0.181818181818182	0.181818181818182	0.545454545454545	0.0909090909090909
4	0.272727272727273	0.272727272727273	0.363636363636364	0.0909090909090909
5	0.636363636363636	0.363636363636364	0.0	0.0
6	0.0	1.0	0.0	0.0
7	1.0	0.0	0.0	0.0
8	0.0	0.727272727272727	0.181818181818182	0.0909090909090909
9	0.0	1.0	0.0	0.0
10	0.0	0.0	0.0	1.0
11	0.0	0.0	1.0	0.0
12	0.0	0.818181818181818	0.0	0.181818181818182
13	0.181818181818182	0.363636363636364	0.181818181818182	0.272727272727273
14	0.0	0.363636363636364	0.454545454545455	0.181818181818182
15	0.0	0.272727272727273	0.363636363636364	0.363636363636364
