Pos	A	C	G	T
1	0.0	0.0	1.0	0.0
2	0.0	1.0	0.0	0.0
3	0.0	1.0	0.0	0.0
4	0.118918918918919	0.383783783783784	0.248648648648649	0.248648648648649
5	0.102702702702703	0.308108108108108	0.32972972972973	0.259459459459459
6	0.297297297297297	0.237837837837838	0.362162162162162	0.102702702702703
7	0.286486486486487	0.162162162162162	0.491891891891892	0.0594594594594595
8	0.102702702702703	0.0864864864864865	0.740540540540541	0.0702702702702703
9	0.0486486486486487	0.421621621621622	0.427027027027027	0.102702702702703
