Pos	A	C	G	T
1	0.166666666666667	0.380952380952381	0.333333333333333	0.119047619047619
2	0.333333333333333	0.30952380952381	0.285714285714286	0.0714285714285714
3	0.333333333333333	0.19047619047619	0.261904761904762	0.214285714285714
4	0.333333333333333	0.285714285714286	0.19047619047619	0.19047619047619
5	0.238095238095238	0.166666666666667	0.357142857142857	0.238095238095238
6	0.357142857142857	0.119047619047619	0.452380952380952	0.0714285714285714
7	0.142857142857143	0.0	0.19047619047619	0.666666666666667
8	0.0	1.0	0.0	0.0
9	1.0	0.0	0.0	0.0
10	0.0	1.0	0.0	0.0
11	0.0	0.0	1.0	0.0
12	0.0	0.0	0.0	1.0
13	0.0	0.0	1.0	0.0
14	0.666666666666667	0.19047619047619	0.0	0.142857142857143
15	0.0714285714285714	0.452380952380952	0.119047619047619	0.357142857142857
16	0.238095238095238	0.357142857142857	0.166666666666667	0.238095238095238
17	0.19047619047619	0.19047619047619	0.285714285714286	0.333333333333333
18	0.214285714285714	0.261904761904762	0.19047619047619	0.333333333333333
19	0.0714285714285714	0.285714285714286	0.30952380952381	0.333333333333333
20	0.119047619047619	0.333333333333333	0.380952380952381	0.166666666666667
