Pos	A	C	G	T
1	0.518518518518518	0.148148148148148	0.259259259259259	0.0740740740740741
2	0.148148148148148	0.259259259259259	0.333333333333333	0.259259259259259
3	0.111111111111111	0.518518518518518	0.222222222222222	0.148148148148148
4	0.814814814814815	0.037037037037037	0.111111111111111	0.037037037037037
5	0.0	0.0	0.0	1.0
6	0.0	0.0	1.0	0.0
7	1.0	0.0	0.0	0.0
8	0.0	1.0	0.0	0.0
9	0.0	0.0	0.0	1.0
10	0.0	1.0	0.0	0.0
11	1.0	0.0	0.0	0.0
12	0.0	0.222222222222222	0.037037037037037	0.740740740740741
13	0.111111111111111	0.444444444444444	0.333333333333333	0.111111111111111
14	0.222222222222222	0.222222222222222	0.333333333333333	0.222222222222222
15	0.0740740740740741	0.259259259259259	0.185185185185185	0.481481481481481
