Pos	A	C	G	T
1	0.424242424242424	0.0303030303030303	0.303030303030303	0.242424242424242
2	0.121212121212121	0.151515151515152	0.272727272727273	0.454545454545455
3	0.181818181818182	0.0606060606060606	0.636363636363636	0.121212121212121
4	0.484848484848485	0.212121212121212	0.121212121212121	0.181818181818182
5	0.121212121212121	0.0909090909090909	0.0606060606060606	0.727272727272727
6	0.0303030303030303	0.121212121212121	0.636363636363636	0.212121212121212
7	1.0	0.0	0.0	0.0
8	0.0	1.0	0.0	0.0
9	0.0	0.0	1.0	0.0
10	0.0	0.0	0.0	1.0
11	0.0909090909090909	0.0606060606060606	0.848484848484849	0.0
12	0.121212121212121	0.0606060606060606	0.303030303030303	0.515151515151515
13	0.212121212121212	0.424242424242424	0.121212121212121	0.242424242424242
14	0.272727272727273	0.424242424242424	0.151515151515152	0.151515151515152
15	0.242424242424242	0.272727272727273	0.0909090909090909	0.393939393939394
16	0.515151515151515	0.0	0.0606060606060606	0.424242424242424
17	0.181818181818182	0.0606060606060606	0.242424242424242	0.515151515151515
