Pos	A	C	G	T
1	0.0666666666666667	0.266666666666667	0.466666666666667	0.2
2	0.0666666666666667	0.4	0.533333333333333	0.0
3	0.0	0.0	0.0	1.0
4	0.0	0.0	1.0	0.0
5	1.0	0.0	0.0	0.0
6	0.0	1.0	0.0	0.0
7	0.0666666666666667	0.0	0.933333333333333	0.0
8	0.0666666666666667	0.266666666666667	0.0	0.666666666666667
9	0.733333333333333	0.2	0.0	0.0666666666666667
10	0.6	0.0666666666666667	0.2	0.133333333333333
11	0.133333333333333	0.266666666666667	0.333333333333333	0.266666666666667
12	0.133333333333333	0.333333333333333	0.4	0.133333333333333
