Pos	A	C	G	T
1	0.206896551724138	0.344827586206897	0.275862068965517	0.172413793103448
2	0.233333333333333	0.233333333333333	0.266666666666667	0.266666666666667
3	0.233333333333333	0.233333333333333	0.266666666666667	0.266666666666667
4	0.290322580645161	0.32258064516129	0.258064516129032	0.129032258064516
5	0.290322580645161	0.32258064516129	0.0967741935483871	0.290322580645161
6	0.451612903225806	0.0967741935483871	0.0967741935483871	0.354838709677419
7	0.32258064516129	0.161290322580645	0.290322580645161	0.225806451612903
8	0.32258064516129	0.258064516129032	0.258064516129032	0.161290322580645
9	0.806451612903226	0.0	0.161290322580645	0.032258064516129
10	0.0	0.0	0.0	1.0
11	0.0	0.0	1.0	0.0
12	1.0	0.0	0.0	0.0
13	0.0	0.838709677419355	0.0645161290322581	0.0967741935483871
