Pos	A	C	G	T
1	0.230769230769231	0.384615384615385	0.230769230769231	0.153846153846154
2	0.357142857142857	0.214285714285714	0.0714285714285714	0.357142857142857
3	0.1875	0.25	0.3125	0.25
4	0.470588235294118	0.0588235294117647	0.0588235294117647	0.411764705882353
5	0.470588235294118	0.0	0.294117647058824	0.235294117647059
6	0.352941176470588	0.235294117647059	0.117647058823529	0.294117647058824
7	0.333333333333333	0.0555555555555556	0.5	0.111111111111111
8	0.526315789473684	0.263157894736842	0.210526315789474	0.0
9	0.12	0.04	0.04	0.8
10	0.16	0.0	0.72	0.12
11	1.0	0.0	0.0	0.0
12	0.0	1.0	0.0	0.0
13	0.0	0.0	1.0	0.0
14	0.0	0.133333333333333	0.0	0.866666666666667
15	0.0333333333333333	0.0	0.9	0.0666666666666667
16	0.037037037037037	0.0740740740740741	0.407407407407407	0.481481481481481
17	0.185185185185185	0.592592592592593	0.0740740740740741	0.148148148148148
18	0.37037037037037	0.185185185185185	0.185185185185185	0.259259259259259
19	0.269230769230769	0.192307692307692	0.0384615384615385	0.5
20	0.384615384615385	0.0769230769230769	0.0	0.538461538461538
21	0.307692307692308	0.0769230769230769	0.153846153846154	0.461538461538462
22	0.4	0.08	0.16	0.36
23	0.416666666666667	0.25	0.0833333333333333	0.25
24	0.0476190476190476	0.238095238095238	0.285714285714286	0.428571428571429
