Pos	A	C	G	T
1	0.285714285714286	0.285714285714286	0.428571428571429	0.0
2	0.0	0.285714285714286	0.571428571428571	0.142857142857143
3	0.0	0.0	0.0	1.0
4	0.0	0.0	1.0	0.0
5	1.0	0.0	0.0	0.0
6	0.0	1.0	0.0	0.0
7	0.0	0.0	1.0	0.0
8	0.0	0.142857142857143	0.0	0.857142857142857
9	0.571428571428571	0.428571428571429	0.0	0.0
10	0.714285714285714	0.0	0.142857142857143	0.142857142857143
11	0.142857142857143	0.571428571428571	0.285714285714286	0.0
12	0.142857142857143	0.285714285714286	0.142857142857143	0.428571428571429
