Pos	A	C	G	T
1	0.435897435897436	0.0769230769230769	0.205128205128205	0.282051282051282
2	0.307692307692308	0.179487179487179	0.205128205128205	0.307692307692308
3	0.487179487179487	0.179487179487179	0.153846153846154	0.179487179487179
4	0.128205128205128	0.153846153846154	0.0256410256410256	0.692307692307692
5	0.0512820512820513	0.0	0.923076923076923	0.0256410256410256
6	0.230769230769231	0.743589743589744	0.0	0.0256410256410256
7	0.0512820512820513	0.0512820512820513	0.0	0.897435897435897
8	0.0256410256410256	0.0512820512820513	0.846153846153846	0.0769230769230769
9	0.948717948717949	0.0	0.0512820512820513	0.0
10	0.0	0.871794871794872	0.0	0.128205128205128
11	0.128205128205128	0.128205128205128	0.153846153846154	0.58974358974359
12	0.205128205128205	0.538461538461538	0.179487179487179	0.0769230769230769
13	0.58974358974359	0.0256410256410256	0.179487179487179	0.205128205128205
14	0.0256410256410256	0.0	0.923076923076923	0.0512820512820513
15	0.102564102564103	0.743589743589744	0.102564102564103	0.0512820512820513
16	0.615384615384615	0.128205128205128	0.179487179487179	0.0769230769230769
17	0.179487179487179	0.461538461538462	0.153846153846154	0.205128205128205
18	0.307692307692308	0.282051282051282	0.230769230769231	0.179487179487179
19	0.307692307692308	0.256410256410256	0.230769230769231	0.205128205128205
