Pos	A	C	G	T
1	0.25	0.333333333333333	0.208333333333333	0.208333333333333
2	0.0833333333333333	0.458333333333333	0.125	0.333333333333333
3	0.25	0.0	0.625	0.125
4	0.833333333333333	0.0	0.166666666666667	0.0
5	0.0	0.0	0.0	1.0
6	0.0	0.0	1.0	0.0
7	1.0	0.0	0.0	0.0
8	0.0	1.0	0.0	0.0
9	0.0	0.0	1.0	0.0
10	0.0	0.0	0.0	1.0
11	0.0	1.0	0.0	0.0
12	1.0	0.0	0.0	0.0
13	0.0	0.0833333333333333	0.0416666666666667	0.875
14	0.208333333333333	0.333333333333333	0.166666666666667	0.291666666666667
15	0.125	0.541666666666667	0.166666666666667	0.166666666666667
16	0.208333333333333	0.416666666666667	0.0	0.375
