Pos	A	C	G	T
1	0.222222222222222	0.333333333333333	0.0555555555555556	0.388888888888889
2	0.0526315789473684	0.0	0.0	0.947368421052632
3	0.947368421052632	0.0	0.0	0.0526315789473684
4	0.0526315789473684	0.0	0.0	0.947368421052632
5	0.0	0.947368421052632	0.0	0.0526315789473684
6	0.157894736842105	0.0526315789473684	0.0	0.789473684210526
7	0.0526315789473684	0.0	0.0	0.947368421052632
8	0.789473684210526	0.0	0.210526315789474	0.0
9	0.0	0.0	0.0526315789473684	0.947368421052632
10	0.0	0.947368421052632	0.0	0.0526315789473684
11	0.210526315789474	0.0526315789473684	0.0	0.736842105263158
