Pos	A	C	G	T
1	0.273	0.152	0.242	0.333
2	0.119	0.238	0.119	0.524
3	0.068	0.205	0.068	0.659
4	0.55	0.033	0.1	0.317
5	0.016	0.952	0.0	0.032
6	0.0	1.0	0.0	0.0
7	0.0	1.0	0.0	0.0
8	0.839	0.0	0.145	0.016
9	0.032	0.387	0.307	0.274
10	0.548	0.356	0.096	0.0
11	0.918	0.014	0.068	0.0
12	0.014	0.0	0.014	0.972
13	0.0	0.192	0.753	0.055
14	0.014	0.972	0.014	0.0
15	0.746	0.155	0.029	0.07
16	0.234	0.344	0.0	0.422
17	0.019	0.463	0.037	0.481
18	0.293	0.024	0.585	0.098
19	0.032	0.774	0.097	0.097
20	0.231	0.077	0.615	0.077
21	0.214	0.357	0.143	0.286
22	0.077	0.385	0.154	0.384
