Pos	A	C	G	T
1	0.272727272727273	0.727272727272727	0.0	0.0
2	0.0	1.0	0.0	0.0
3	0.0909090909090909	0.909090909090909	0.0	0.0
4	0.0	1.0	0.0	0.0
5	1.0	0.0	0.0	0.0
6	0.818181818181818	0.181818181818182	0.0	0.0
7	0.727272727272727	0.272727272727273	0.0	0.0
8	0.181818181818182	0.727272727272727	0.0	0.0909090909090909
9	0.363636363636364	0.636363636363636	0.0	0.0
10	0.636363636363636	0.363636363636364	0.0	0.0
11	0.272727272727273	0.727272727272727	0.0	0.0
12	0.181818181818182	0.818181818181818	0.0	0.0
13	0.272727272727273	0.727272727272727	0.0	0.0
14	0.181818181818182	0.636363636363636	0.0909090909090909	0.0909090909090909
