Pos	A	C	G	T
1	0.291666666666667	0.208333333333333	0.291666666666667	0.208333333333333
2	0.25	0.375	0.0	0.375
3	0.125	0.125	0.291666666666667	0.458333333333333
4	0.0833333333333333	0.25	0.0416666666666667	0.625
5	0.0833333333333333	0.0	0.916666666666667	0.0
6	0.0	0.0	1.0	0.0
7	0.0	0.0	1.0	0.0
8	1.0	0.0	0.0	0.0
9	0.916666666666667	0.0	0.0	0.0833333333333333
10	0.125	0.166666666666667	0.0833333333333333	0.625
11	0.458333333333333	0.0833333333333333	0.333333333333333	0.125
12	0.125	0.541666666666667	0.0833333333333333	0.25
13	0.125	0.583333333333333	0.125	0.166666666666667
