Pos	A	C	G	T
1	0.103448275862069	0.310344827586207	0.137931034482759	0.448275862068966
2	0.275862068965517	0.241379310344828	0.0344827586206897	0.448275862068966
3	0.0689655172413793	0.103448275862069	0.310344827586207	0.517241379310345
4	0.103448275862069	0.586206896551724	0.275862068965517	0.0344827586206897
5	0.0	0.241379310344828	0.758620689655172	0.0
6	0.0	1.0	0.0	0.0
7	0.0	0.0	1.0	0.0
8	0.0	0.896551724137931	0.103448275862069	0.0
9	0.0	0.517241379310345	0.448275862068966	0.0344827586206897
10	0.896551724137931	0.0689655172413793	0.0344827586206897	0.0
11	0.862068965517241	0.0689655172413793	0.0344827586206897	0.0344827586206897
12	0.758620689655172	0.0689655172413793	0.103448275862069	0.0689655172413793
