Pos	A	C	G	T
1	0.0666666666666667	0.433333333333333	0.466666666666667	0.0333333333333333
2	0.1875	0.375	0.40625	0.03125
3	0.151515151515152	0.303030303030303	0.545454545454545	0.0
4	1.0	0.0	0.0	0.0
5	0.0	0.0	0.0	1.0
6	0.0	0.909090909090909	0.0909090909090909	0.0
7	0.363636363636364	0.0909090909090909	0.454545454545455	0.0909090909090909
8	0.909090909090909	0.0	0.0	0.0909090909090909
9	0.0303030303030303	0.121212121212121	0.0	0.848484848484849
10	0.0606060606060606	0.363636363636364	0.333333333333333	0.242424242424242
