Pos	A	C	G	T
1	0.129032258064516	0.387096774193548	0.161290322580645	0.32258064516129
2	0.161290322580645	0.387096774193548	0.258064516129032	0.193548387096774
3	0.354838709677419	0.290322580645161	0.193548387096774	0.161290322580645
4	0.387096774193548	0.0967741935483871	0.354838709677419	0.161290322580645
5	0.193548387096774	0.645161290322581	0.0967741935483871	0.0645161290322581
6	0.161290322580645	0.741935483870968	0.0645161290322581	0.032258064516129
7	0.0	0.0	1.0	0.0
8	0.0	0.0	1.0	0.0
9	1.0	0.0	0.0	0.0
10	0.870967741935484	0.0	0.0	0.129032258064516
11	0.290322580645161	0.129032258064516	0.548387096774194	0.032258064516129
12	0.0645161290322581	0.258064516129032	0.161290322580645	0.516129032258065
13	0.258064516129032	0.290322580645161	0.225806451612903	0.225806451612903
14	0.258064516129032	0.354838709677419	0.193548387096774	0.193548387096774
