Pos	A	C	G	T
1	0.571428571428571	0.142857142857143	0.285714285714286	0.0
2	0.142857142857143	0.142857142857143	0.428571428571429	0.285714285714286
3	0.142857142857143	0.285714285714286	0.571428571428571	0.0
4	0.285714285714286	0.285714285714286	0.285714285714286	0.142857142857143
5	0.428571428571429	0.0	0.285714285714286	0.285714285714286
6	0.0	0.0	1.0	0.0
7	1.0	0.0	0.0	0.0
8	0.0	0.0	0.0	1.0
9	0.0	0.0	0.0	1.0
10	0.666666666666667	0.0833333333333333	0.25	0.0
11	0.0833333333333333	0.333333333333333	0.333333333333333	0.25
12	0.25	0.333333333333333	0.25	0.166666666666667
13	0.25	0.0833333333333333	0.583333333333333	0.0833333333333333
14	0.166666666666667	0.333333333333333	0.333333333333333	0.166666666666667
