Pos	A	C	G	T
1	0.48780487804878	0.170731707317073	0.195121951219512	0.146341463414634
2	0.24390243902439	0.121951219512195	0.560975609756098	0.0731707317073171
3	0.634146341463415	0.146341463414634	0.0487804878048781	0.170731707317073
4	0.0	0.0	1.0	0.0
5	1.0	0.0	0.0	0.0
6	0.0	0.0	0.0	1.0
7	0.75609756097561	0.121951219512195	0.024390243902439	0.0975609756097561
8	0.829268292682927	0.0487804878048781	0.0	0.121951219512195
9	0.146341463414634	0.195121951219512	0.365853658536585	0.292682926829268
10	0.658536585365854	0.0487804878048781	0.146341463414634	0.146341463414634
