Pos	A	C	G	T
1	0.785714285714286	0.0	0.142857142857143	0.0714285714285714
2	0.5	0.142857142857143	0.0	0.357142857142857
3	0.714285714285714	0.214285714285714	0.0714285714285714	0.0
4	0.0	0.0714285714285714	0.0	0.928571428571429
5	1.0	0.0	0.0	0.0
6	1.0	0.0	0.0	0.0
7	1.0	0.0	0.0	0.0
8	0.0	1.0	0.0	0.0
9	0.857142857142857	0.0	0.0	0.142857142857143
10	0.571428571428571	0.0	0.142857142857143	0.285714285714286
11	0.0714285714285714	0.142857142857143	0.0714285714285714	0.714285714285714
12	0.428571428571429	0.214285714285714	0.214285714285714	0.142857142857143
