Pos	A	C	G	T
1	0.428571428571429	0.285714285714286	0.142857142857143	0.142857142857143
2	0.619047619047619	0.0476190476190476	0.0952380952380952	0.238095238095238
3	0.136363636363636	0.363636363636364	0.272727272727273	0.227272727272727
4	0.0909090909090909	0.0	0.909090909090909	0.0
5	0.136363636363636	0.0	0.0	0.863636363636364
6	0.863636363636364	0.0	0.0454545454545455	0.0909090909090909
7	1.0	0.0	0.0	0.0
8	1.0	0.0	0.0	0.0
9	0.0	1.0	0.0	0.0
10	1.0	0.0	0.0	0.0
11	1.0	0.0	0.0	0.0
12	0.272727272727273	0.636363636363636	0.0909090909090909	0.0
13	0.409090909090909	0.227272727272727	0.227272727272727	0.136363636363636
14	0.181818181818182	0.181818181818182	0.272727272727273	0.363636363636364
