Pos	A	C	G	T
1	0.253968253968254	0.222222222222222	0.380952380952381	0.142857142857143
2	0.412698412698413	0.206349206349206	0.142857142857143	0.238095238095238
3	0.0	0.0	1.0	0.0
4	0.984126984126984	0.0	0.0	0.0158730158730159
5	0.0158730158730159	0.0	0.0476190476190476	0.936507936507937
6	0.555555555555556	0.0317460317460317	0.158730158730159	0.253968253968254
7	0.26984126984127	0.0793650793650794	0.523809523809524	0.126984126984127
8	0.158730158730159	0.174603174603175	0.412698412698413	0.253968253968254
9	0.238095238095238	0.111111111111111	0.53968253968254	0.111111111111111
