Pos	A	C	G	T
1	0.0943396226415094	0.415094339622642	0.377358490566038	0.113207547169811
2	0.207547169811321	0.320754716981132	0.377358490566038	0.0943396226415094
3	0.207547169811321	0.283018867924528	0.188679245283019	0.320754716981132
4	0.0	0.0	1.0	0.0
5	0.943396226415094	0.0188679245283019	0.0	0.0377358490566038
6	0.0188679245283019	0.0188679245283019	0.0188679245283019	0.943396226415094
7	0.339622641509434	0.113207547169811	0.339622641509434	0.207547169811321
8	0.113207547169811	0.264150943396226	0.452830188679245	0.169811320754717
9	0.115384615384615	0.269230769230769	0.346153846153846	0.269230769230769
10	0.134615384615385	0.211538461538462	0.365384615384615	0.288461538461538
