Pos	A	C	G	T
1	0.157894736842105	0.157894736842105	0.368421052631579	0.315789473684211
2	0.263157894736842	0.210526315789474	0.105263157894737	0.421052631578947
3	0.421052631578947	0.263157894736842	0.210526315789474	0.105263157894737
4	0.263157894736842	0.210526315789474	0.263157894736842	0.263157894736842
5	0.473684210526316	0.210526315789474	0.0526315789473684	0.263157894736842
6	0.0	0.0	1.0	0.0
7	1.0	0.0	0.0	0.0
8	0.0	0.0	0.0	1.0
9	1.0	0.0	0.0	0.0
10	0.3	0.2	0.45	0.05
11	0.1	0.05	0.55	0.3
12	0.2	0.15	0.55	0.1
13	0.1	0.2	0.5	0.2
14	0.3	0.2	0.2	0.3
