Pos	A	C	G	T
1	0.153846153846154	0.615384615384615	0.0769230769230769	0.153846153846154
2	0.230769230769231	0.307692307692308	0.230769230769231	0.230769230769231
3	0.0769230769230769	0.230769230769231	0.538461538461538	0.153846153846154
4	0.0769230769230769	0.0769230769230769	0.0769230769230769	0.769230769230769
5	0.615384615384615	0.0769230769230769	0.0769230769230769	0.230769230769231
6	0.538461538461538	0.153846153846154	0.0	0.307692307692308
7	0.307692307692308	0.153846153846154	0.153846153846154	0.384615384615385
8	0.0	0.0769230769230769	0.0769230769230769	0.846153846153846
9	0.0769230769230769	0.0769230769230769	0.769230769230769	0.0769230769230769
