Pos	A	C	G	T
1	0.3	0.15	0.175	0.375
2	0.325	0.15	0.275	0.25
3	0.275	0.275	0.175	0.275
4	0.317073170731707	0.146341463414634	0.24390243902439	0.292682926829268
5	0.0681818181818182	0.113636363636364	0.0681818181818182	0.75
6	0.0227272727272727	0.0	0.977272727272727	0.0
7	0.454545454545455	0.522727272727273	0.0227272727272727	0.0
8	0.977272727272727	0.0	0.0227272727272727	0.0
9	0.0	0.0	0.0	1.0
10	0.931818181818182	0.0	0.0227272727272727	0.0454545454545455
11	0.0909090909090909	0.0454545454545455	0.0454545454545455	0.818181818181818
12	0.0454545454545455	0.0909090909090909	0.113636363636364	0.75
13	0.146341463414634	0.658536585365854	0.121951219512195	0.0731707317073171
14	0.361111111111111	0.222222222222222	0.138888888888889	0.277777777777778
15	0.125	0.25	0.1875	0.4375
