Pos	A	C	G	T
1	0.6	0.0666666666666667	0.333333333333333	0.0
2	0.578947368421053	0.105263157894737	0.210526315789474	0.105263157894737
3	0.695652173913043	0.0434782608695652	0.0869565217391304	0.173913043478261
4	0.739130434782609	0.0869565217391304	0.0434782608695652	0.130434782608696
5	0.833333333333333	0.0416666666666667	0.0416666666666667	0.0833333333333333
6	0.333333333333333	0.0833333333333333	0.0833333333333333	0.5
7	0.25	0.0833333333333333	0.0416666666666667	0.625
8	0.625	0.0416666666666667	0.208333333333333	0.125
9	0.291666666666667	0.25	0.25	0.208333333333333
10	0.166666666666667	0.416666666666667	0.25	0.166666666666667
11	0.333333333333333	0.375	0.125	0.166666666666667
12	0.25	0.375	0.125	0.25
13	0.333333333333333	0.291666666666667	0.166666666666667	0.208333333333333
14	0.375	0.25	0.25	0.125
15	0.333333333333333	0.291666666666667	0.0833333333333333	0.291666666666667
16	0.375	0.208333333333333	0.125	0.291666666666667
17	0.25	0.208333333333333	0.25	0.291666666666667
18	0.208333333333333	0.458333333333333	0.208333333333333	0.125
19	0.208333333333333	0.416666666666667	0.125	0.25
20	0.375	0.333333333333333	0.166666666666667	0.125
21	0.375	0.166666666666667	0.208333333333333	0.25
22	0.208333333333333	0.416666666666667	0.166666666666667	0.208333333333333
23	0.333333333333333	0.416666666666667	0.0416666666666667	0.208333333333333
24	0.166666666666667	0.375	0.0416666666666667	0.416666666666667
25	0.0416666666666667	0.666666666666667	0.166666666666667	0.125
26	0.791666666666667	0.125	0.0	0.0833333333333333
27	0.0416666666666667	0.625	0.0833333333333333	0.25
28	0.25	0.416666666666667	0.0833333333333333	0.25
29	0.0833333333333333	0.666666666666667	0.166666666666667	0.0833333333333333
30	0.0	0.529411764705882	0.235294117647059	0.235294117647059
