Pos	A	C	G	T
1	0.135135135135135	0.189189189189189	0.459459459459459	0.216216216216216
2	0.351351351351351	0.108108108108108	0.324324324324324	0.216216216216216
3	0.135135135135135	0.324324324324324	0.540540540540541	0.0
4	0.027027027027027	0.0	0.0	0.972972972972973
5	0.0	0.0	0.0	1.0
6	0.027027027027027	0.0540540540540541	0.0	0.918918918918919
7	0.351351351351351	0.243243243243243	0.27027027027027	0.135135135135135
8	0.27027027027027	0.162162162162162	0.243243243243243	0.324324324324324
9	0.162162162162162	0.189189189189189	0.324324324324324	0.324324324324324
