Pos	A	C	G	T
1	0.823529411764706	0.117647058823529	0.0	0.0588235294117647
2	0.0	0.0588235294117647	0.0	0.941176470588235
3	0.117647058823529	0.0	0.882352941176471	0.0
4	0.470588235294118	0.529411764705882	0.0	0.0
5	1.0	0.0	0.0	0.0
6	0.0	0.0	0.0	1.0
7	0.357142857142857	0.0	0.0	0.642857142857143
8	0.5	0.0	0.0	0.5
9	0.882352941176471	0.0	0.0	0.117647058823529
10	0.0588235294117647	0.0	0.0	0.941176470588235
11	0.0	0.0	0.0	1.0
12	0.117647058823529	0.705882352941177	0.0	0.176470588235294
13	1.0	0.0	0.0	0.0
14	0.0	0.0	0.0	1.0
