Pos	A	C	G	T
1	0.166666666666667	0.333333333333333	0.333333333333333	0.166666666666667
2	0.333333333333333	0.333333333333333	0.0	0.333333333333333
3	0.666666666666667	0.166666666666667	0.166666666666667	0.0
4	0.0	0.333333333333333	0.333333333333333	0.333333333333333
5	0.0	0.166666666666667	0.166666666666667	0.666666666666667
6	0.0	0.333333333333333	0.333333333333333	0.333333333333333
7	0.166666666666667	0.0	0.166666666666667	0.666666666666667
8	0.666666666666667	0.0	0.0	0.333333333333333
9	1.0	0.0	0.0	0.0
10	0.333333333333333	0.0	0.0	0.666666666666667
11	0.166666666666667	0.0	0.0	0.833333333333333
12	0.0	0.666666666666667	0.166666666666667	0.166666666666667
13	0.333333333333333	0.5	0.166666666666667	0.0
14	0.166666666666667	0.333333333333333	0.166666666666667	0.333333333333333
15	0.166666666666667	0.5	0.166666666666667	0.166666666666667
