Pos	A	C	G	T
1	0.22	0.22	0.24	0.32
2	0.26	0.27	0.29	0.18
3	0.26530612244898	0.142857142857143	0.26530612244898	0.326530612244898
4	0.18	0.21	0.37	0.24
5	0.22	0.03	0.49	0.26
6	0.31	0.1	0.09	0.5
7	0.15	0.04	0.39	0.42
8	0.0	0.98	0.0	0.02
9	0.0	0.0	0.0	1.0
10	0.8	0.0	0.01	0.19
11	0.53	0.0	0.0	0.47
12	0.92	0.0	0.0	0.08
13	0.919191919191919	0.0101010101010101	0.0202020202020202	0.0505050505050505
14	0.99	0.0	0.0	0.01
15	0.0	0.0	0.0	1.0
16	0.98	0.0	0.0	0.02
17	0.05	0.0	0.92	0.03
18	0.46	0.39	0.04	0.11
19	0.42	0.27	0.06	0.25
20	0.26	0.34	0.06	0.34
21	0.3	0.28	0.18	0.24
22	0.3	0.28	0.23	0.19
