Pos	A	C	G	T
1	0.265486725663717	0.0	0.476401179941003	0.25811209439528
2	0.0	1.0	0.0	0.0
3	0.0	1.0	0.0	0.0
4	0.555642023346304	0.0926070038910506	0.0	0.351750972762646
5	0.206225680933852	0.0	0.0	0.793774319066148
6	0.736964980544747	0.0	0.0723735408560311	0.190661478599222
7	0.0723172628304821	0.0948678071539658	0.0	0.832814930015552
8	0.839813374805599	0.0	0.0	0.160186625194401
9	0.273716951788491	0.0	0.0	0.726283048211509
10	0.0	0.0	1.0	0.0
11	0.0	0.0	1.0	0.0
12	0.247278382581649	0.47900466562986	0.165629860031104	0.108087091757387
13	0.130739299610895	0.612451361867704	0.190661478599222	0.066147859922179
14	0.523328149300156	0.195956454121306	0.0	0.280715396578538
15	0.11353032659409	0.193623639191291	0.360031104199067	0.332814930015552
