Pos	A	C	G	T
1	0.0952380952380952	0.19047619047619	0.523809523809524	0.19047619047619
2	0.142857142857143	0.19047619047619	0.333333333333333	0.333333333333333
3	0.0	1.0	0.0	0.0
4	0.0	1.0	0.0	0.0
5	0.904761904761905	0.0	0.0	0.0952380952380952
6	0.428571428571429	0.0476190476190476	0.0	0.523809523809524
7	0.904761904761905	0.0	0.0476190476190476	0.0476190476190476
8	0.0476190476190476	0.0952380952380952	0.0476190476190476	0.80952380952381
9	0.80952380952381	0.0	0.0476190476190476	0.142857142857143
10	0.476190476190476	0.0952380952380952	0.0952380952380952	0.333333333333333
11	0.0	0.0	1.0	0.0
12	0.0	0.0	0.952380952380952	0.0476190476190476
13	0.428571428571429	0.333333333333333	0.238095238095238	0.0
14	0.19047619047619	0.428571428571429	0.238095238095238	0.142857142857143
