Pos	A	C	G	T
1	0.541666666666667	0.166666666666667	0.166666666666667	0.125
2	0.583333333333333	0.125	0.208333333333333	0.0833333333333333
3	0.0833333333333333	0.291666666666667	0.0416666666666667	0.583333333333333
4	0.958333333333333	0.0	0.0	0.0416666666666667
5	1.0	0.0	0.0	0.0
6	0.0416666666666667	0.958333333333333	0.0	0.0
7	0.0	0.0416666666666667	0.708333333333333	0.25
8	0.0416666666666667	0.0416666666666667	0.875	0.0416666666666667
9	0.458333333333333	0.208333333333333	0.166666666666667	0.166666666666667
10	0.5	0.208333333333333	0.0833333333333333	0.208333333333333
