Pos	A	C	G	T
1	0.4375	0.125	0.4375	0.0
2	0.235294117647059	0.0	0.764705882352941	0.0
3	0.882352941176471	0.0	0.117647058823529	0.0
4	0.0	1.0	0.0	0.0
5	1.0	0.0	0.0	0.0
6	0.0	0.0	0.0	1.0
7	0.0	0.0	1.0	0.0
8	0.0	0.882352941176471	0.0	0.117647058823529
9	0.0	1.0	0.0	0.0
10	0.0	1.0	0.0	0.0
11	0.0	0.0	1.0	0.0
12	0.0	0.0	1.0	0.0
13	0.235294117647059	0.0	0.764705882352941	0.0
14	0.0	1.0	0.0	0.0
15	1.0	0.0	0.0	0.0
16	0.0	0.0	0.0	1.0
17	0.0	0.0	1.0	0.0
18	0.0	0.117647058823529	0.0	0.882352941176471
19	0.0	0.705882352941177	0.0	0.294117647058824
20	0.0	0.764705882352941	0.0	0.235294117647059
