Pos	A	C	G	T
1	0.277777777777778	0.166666666666667	0.444444444444444	0.111111111111111
2	0.368421052631579	0.105263157894737	0.473684210526316	0.0526315789473684
3	0.0526315789473684	0.0	0.947368421052632	0.0
4	0.105263157894737	0.0	0.789473684210526	0.105263157894737
5	0.210526315789474	0.157894736842105	0.315789473684211	0.315789473684211
6	0.0	1.0	0.0	0.0
7	1.0	0.0	0.0	0.0
8	1.0	0.0	0.0	0.0
9	1.0	0.0	0.0	0.0
10	0.0	0.0	1.0	0.0
11	0.0	0.0526315789473684	0.631578947368421	0.315789473684211
12	0.0526315789473684	0.210526315789474	0.105263157894737	0.631578947368421
13	0.0526315789473684	0.842105263157895	0.0	0.105263157894737
14	0.684210526315789	0.0	0.315789473684211	0.0
15	0.111111111111111	0.333333333333333	0.277777777777778	0.277777777777778
