Pos	A	C	G	T
1	0.0	0.102994011976048	0.610778443113772	0.28622754491018
2	0.0	0.0	0.712230215827338	0.287769784172662
3	0.0	0.221343873517787	0.0988142292490119	0.679841897233202
4	0.886842105263158	0.0	0.0	0.113157894736842
5	0.0	0.792814371257485	0.0	0.207185628742515
6	0.70863309352518	0.29136690647482	0.0	0.0
7	0.584431137724551	0.116167664670659	0.196407185628743	0.102994011976048
8	0.301796407185629	0.0982035928143713	0.201197604790419	0.398802395209581
9	0.312574850299401	0.370059880239521	0.317365269461078	0.0
10	0.193045563549161	0.0	0.0	0.806954436450839
11	0.0	0.0	1.0	0.0
12	0.0	0.0	0.0	1.0
13	0.0	0.322155688622754	0.0958083832335329	0.582035928143713
14	0.0	1.0	0.0	0.0
15	0.0	0.0	0.0	1.0
16	0.0	0.165811965811966	0.442735042735043	0.391452991452992
