Pos	A	C	G	T
1	0.027027027027027	0.027027027027027	0.0	0.945945945945946
2	0.162162162162162	0.027027027027027	0.027027027027027	0.783783783783784
3	0.0540540540540541	0.945945945945946	0.0	0.0
4	0.0540540540540541	0.513513513513513	0.243243243243243	0.189189189189189
5	0.216216216216216	0.432432432432432	0.162162162162162	0.189189189189189
6	0.405405405405405	0.135135135135135	0.378378378378378	0.0810810810810811
7	0.027027027027027	0.0	0.945945945945946	0.027027027027027
8	0.810810810810811	0.0	0.0540540540540541	0.135135135135135
9	0.972972972972973	0.0	0.027027027027027	0.0
10	0.297297297297297	0.189189189189189	0.108108108108108	0.405405405405405
11	0.162162162162162	0.216216216216216	0.189189189189189	0.432432432432432
12	0.171428571428571	0.257142857142857	0.314285714285714	0.257142857142857
13	0.162162162162162	0.378378378378378	0.27027027027027	0.189189189189189
14	0.189189189189189	0.216216216216216	0.324324324324324	0.27027027027027
15	0.27027027027027	0.189189189189189	0.216216216216216	0.324324324324324
16	0.027027027027027	0.0810810810810811	0.0	0.891891891891892
17	0.27027027027027	0.0540540540540541	0.0540540540540541	0.621621621621622
18	0.108108108108108	0.837837837837838	0.0	0.0540540540540541
19	0.108108108108108	0.621621621621622	0.162162162162162	0.108108108108108
20	0.216216216216216	0.216216216216216	0.27027027027027	0.297297297297297
21	0.351351351351351	0.243243243243243	0.297297297297297	0.108108108108108
22	0.162162162162162	0.0810810810810811	0.702702702702703	0.0540540540540541
23	0.486486486486487	0.0810810810810811	0.297297297297297	0.135135135135135
24	0.432432432432432	0.0810810810810811	0.486486486486487	0.0
