Pos	A	C	G	T
1	0.266666666666667	0.2	0.266666666666667	0.266666666666667
2	0.59375	0.0	0.34375	0.0625
3	0.25	0.125	0.21875	0.40625
4	0.0	0.0	0.0	1.0
5	0.0	0.0	0.0	1.0
6	0.0	1.0	0.0	0.0
7	0.0	0.757575757575758	0.0	0.242424242424242
8	0.272727272727273	0.242424242424242	0.181818181818182	0.303030303030303
9	0.363636363636364	0.181818181818182	0.454545454545455	0.0
10	0.0	0.0303030303030303	0.96969696969697	0.0
11	0.96969696969697	0.0	0.0303030303030303	0.0
12	1.0	0.0	0.0	0.0
13	0.333333333333333	0.121212121212121	0.121212121212121	0.424242424242424
14	0.1	0.233333333333333	0.0666666666666667	0.6
15	0.25	0.285714285714286	0.214285714285714	0.25
