Pos	A	C	G	T
1	0.416666666666667	0.166666666666667	0.333333333333333	0.0833333333333333
2	0.333333333333333	0.333333333333333	0.166666666666667	0.166666666666667
3	0.291666666666667	0.375	0.208333333333333	0.125
4	0.25	0.625	0.0833333333333333	0.0416666666666667
5	0.791666666666667	0.0416666666666667	0.0833333333333333	0.0833333333333333
6	0.333333333333333	0.5	0.0	0.166666666666667
7	0.916666666666667	0.0416666666666667	0.0416666666666667	0.0
8	0.916666666666667	0.0416666666666667	0.0	0.0416666666666667
9	0.166666666666667	0.666666666666667	0.125	0.0416666666666667
10	0.75	0.166666666666667	0.0416666666666667	0.0416666666666667
11	0.25	0.541666666666667	0.0416666666666667	0.166666666666667
12	0.416666666666667	0.125	0.375	0.0833333333333333
13	0.25	0.25	0.166666666666667	0.333333333333333
14	0.541666666666667	0.0833333333333333	0.166666666666667	0.208333333333333
