Pos	A	C	G	T
1	0.285714285714286	0.0	0.428571428571429	0.285714285714286
2	0.166666666666667	0.333333333333333	0.291666666666667	0.208333333333333
3	0.37037037037037	0.296296296296296	0.148148148148148	0.185185185185185
4	0.0	0.133333333333333	0.866666666666667	0.0
5	0.0	0.0666666666666667	0.933333333333333	0.0
6	0.4	0.0666666666666667	0.366666666666667	0.166666666666667
7	0.0	0.133333333333333	0.866666666666667	0.0
8	0.0	0.166666666666667	0.833333333333333	0.0
9	0.0666666666666667	0.1	0.666666666666667	0.166666666666667
10	0.333333333333333	0.1	0.0	0.566666666666667
11	0.433333333333333	0.1	0.133333333333333	0.333333333333333
12	0.2	0.166666666666667	0.2	0.433333333333333
13	0.208333333333333	0.0416666666666667	0.5	0.25
14	0.136363636363636	0.272727272727273	0.409090909090909	0.181818181818182
15	0.181818181818182	0.409090909090909	0.318181818181818	0.0909090909090909
